48 6 0 s 91 2 76;84 9 13;169 15 8
48 6 0 m2 95 8 66;83 6 16;115 5 10
48 6 0 m3 147 8 38;122 4 38;105 5 15;170 -34 8
48 7 0 m3 146 6 63;125 5 17;168 4 16
47 7 0 m3 146 4 48;167 5 26;125 7 21
47 8 0 m3 167 6 41;150 5 27;-172 3 25;129 5 6
46 8 0 m3 169 5 33;-169 5 31;147 6 19;-150 7 10
46 8 0 m4 -168 5 48;-149 4 26;-127 7 15;172 9 7
46 8 0 m5 -123 6 35;-168 3 25;-146 5 18;-102 7 17
46 7 0 m5 -124 4 34;-166 -3 23;-147 -1 21;-106 7 18
46 7 0 m6 -123 5 37;-102 5 24;-146 3 18;-167 0 13;-85 9 7
45 7 0 m4 -164 -23 68;169 7 16;146 11 7;-156 -27 5
44 7 0 m4 -163 -22 76;-157 -18 12;148 9 8
44 7 0 m5 -164 -4 67;-118 12 33
44 6 0 m5 -150 2 49;-167 -17 31;175 -21 10;-121 6 6
43 6 0 m5 -120 4 26;170 -14 26;-104 4 19;-168 -15 14;-142 -14 10
43 6 0 m6 173 0 33;-102 6 20;-122 4 16;-84 4 12;-168 5 10
43 6 0 m7 170 1 42;149 7 15;-106 1 12;-83 -3 8;-40 0 8
44 6 0 m7 -87 -1 64;177 -23 27;-44 0 9
44 5 0 m7 -84 2 48;-56 1 30;-93 6 11;-169 0 7
45 4 0 m7 -51 0 64;-76 -0 36
46 3 0 m7 -79 1 33;-49 0 27;-104 5 20;-170 5 7;174 0 7
46 3 0 m6 -123 4 27;-173 2 27;-100 4 26;175 5 8;-149 4 7
46 2 0 m7 -78 4 36;178 5 18;-164 7 18;-129 6 9;-99 -4 9
46 2 0 m6 -176 5 33;-118 6 22;176 9 17;-99 9 14
46 2 0 s 179 4 60;-177 1 30;138 9 10
46 2 0 m5 -170 6 45;-152 5 27;178 4 9;-121 9 9;-112 7 9
46 1 1 m4 174 3 73;-177 1 27
46 1 1 m6 -147 8 34;-98 22 17;173 7 11;-172 6 9;-117 3 9
46 1 0 m6 173 8 31;-165 6 27;-149 6 12;-12 11 8;-117 10 8
46 1 0 s 172 9 51;-173 6 17;141 9 11;-99 27 7;-146 10 7
45 1 0 s 174 1 47;-178 0 42;140 3 6
45 1 0 m2 177 1 83;-174 1 8;118 7 8
45 1 0 m3 169 1 76;136 5 12;118 7 12
45 1 0 m4 172 1 68;140 5 26;133 6 5
45 1 0 m6 172 3 71;-168 9 14
45 1 1 s -178 2 38;165 2 38;150 2 23
48 7 0 m2 97 16 56;123 6 20;86 9 10;142 4 8;168 2 5
48 8 0 m3 124 17 44;144 11 24;165 5 15;110 31 13
48 8 0 m4 169 9 54;-177 6 29;147 14 18
47 8 0 m4 -171 6 52;171 6 46
45 7 0 m5 -167 -10 45;-149 -9 35;-126 7 14
43 5 0 m6 -82 8 37;-100 7 21;-150 5 15;-163 4 12;-125 10 11
43 5 0 m7 -142 5 22;-167 2 22;-57 27 12;-119 6 12;148 -4 9
44 4 0 m7 -44 1 30;-81 5 30;-169 3 30;-46 1 10
46 1 1 s -177 3 46;170 3 36;148 3 11;-146 15 6
45 0 0 m6 -96 16 54;169 1 19;-86 11 19
45 0 0 m5 171 5 80;-165 4 12;153 5 8
44 0 0 m5 165 2 52;-171 1 30;-106 8 9;153 5 9
44 0 0 m6 -74 4 61;165 1 25;-97 9 7
44 -1 0 m5 161 1 100
43 -1 0 m4 154 -1 54;160 -1 46
43 -1 0 m3 152 -1 83;159 1 17
42 0 0 m3 161 1 44;145 -1 39;126 5 17
42 1 0 m2 140 2 90;165 3 10
42 1 0 m3 141 3 56;167 5 44
41 1 0 m3 168 3 43;142 1 43;-178 0 14
41 2 0 m3 146 -1 65;-176 1 17;163 -14 17
40 2 0 m3 166 -2 61;-170 4 22;144 -10 17
40 2 0 m6 172 5 25;156 5 25;-101 3 19;115 4 12;-82 13 12
40 3 0 m1 146 4 40;118 1 20;162 5 20;85 9 10;105 10 10
40 3 0 s 151 0 55;164 4 17;-148 16 9;128 8 9;76 -4 6
40 3 0 m5 -177 1 55;-118 7 20;168 -8 10;-107 8 10;-147 4 5
39 2 0 m5 175 3 38;-173 2 31;-126 7 25;138 1 6
39 2 0 m4 172 5 81;-173 3 15
38 2 0 m4 170 4 73;-175 5 24
38 2 0 s 148 1 86;173 3 8;-172 0 5
47 7 0 m2 96 3 50;122 4 25;145 4 11;86 3 10
45 6 0 m4 -168 -12 68;169 -3 18;-155 -6 13
45 6 1 m4 -172 -36 94;176 -39 6
44 6 1 m4 -169 -38 88;177 -41 12
44 6 0 m4 -164 -23 75;173 -18 14;-154 -14 8
44 6 0 m6 -121 3 64;-93 6 18;-89 -1 9;-171 4 9
44 5 0 m6 -86 0 67;-97 4 27;-113 2 7
44 4 0 m6 -105 4 50;-122 6 28;-142 9 12;-89 7 9
44 3 0 m6 -96 5 62;-122 4 31;-64 4 6
44 3 0 m5 -127 5 47;-144 4 40;-161 2 7
44 2 0 m6 -77 4 69;-124 11 21;-64 5 10
44 1 0 m6 -75 3 65;-57 5 19;-34 8 6
44 1 0 m7 -63 6 45;-16 6 18;15 3 18;104 0 9;66 5 9
45 0 0 m7 -34 10 33;-20 1 22;-57 9 22;-75 12 11;37 2 6
45 -2 0 m5 164 4 48;-176 12 26;-122 6 17;151 2 9
45 -2 0 s 151 1 73;131 0 17;160 1 6
47 6 0 m2 93 2 69;87 2 18;117 5 11
44 5 0 s -163 -6 50;-89 -1 30;151 0 10;171 3 10
46 2 1 m6 -98 13 41;-123 3 18;-49 17 13;-146 8 10;-88 10 8
45 -1 0 m6 -79 5 33;-102 12 31;-125 9 15;160 2 13;156 1 8
45 -2 0 m6 -125 7 33;-144 12 28;-83 7 12;-107 10 9;-164 9 9
45 -2 0 m2 125 3 45;147 1 27;161 2 18;102 8 9
44 -2 0 m4 153 1 40;168 5 33;-177 -1 27
43 -2 0 m4 143 2 78;-168 1 11;169 2 11
42 -2 0 m4 132 2 50;164 3 25;141 2 25
41 -2 0 m4 141 3 40;129 3 30;162 1 30
40 -2 0 m3 148 2 100
39 -1 0 m3 144 3 54;130 9 32;161 -10 14
38 -1 0 m4 -163 3 36;173 2 27;98 9 18;137 6 9;113 10 9
38 -1 0 m5 120 5 50;105 10 30;152 5 20
38 -1 0 s 77 6 58;104 12 29;57 3 5
38 0 0 m2 151 3 70;129 7 16;166 -2 11
38 0 0 s 131 1 46;151 3 34;106 5 9;168 -1 6
38 1 0 m2 145 2 37;165 1 37;104 12 11;122 13 11;-175 2 5
38 1 0 m3 147 4 51;171 4 30;-177 -7 9;127 12 9
38 1 0 s 45 16 55;144 2 22;-175 -1 10;78 40 5
38 2 0 m3 172 3 56;148 -4 33;134 3 6;104 -1 6
37 3 0 m5 168 -5 40;-163 7 20;-129 -5 13;-150 1 13;153 -6 7
37 2 0 m4 170 4 69;151 4 21;-178 3 10
36 2 0 m3 145 5 55;171 6 35;127 0 10
36 3 0 m3 143 1 55;168 5 29;-174 5 14
36 3 0 s -16 -6 35;-33 -7 18;-174 0 14;53 -5 11;36 -11 6
36 3 0 m2 142 0 43;-168 5 29;172 3 14;2 4 10
36 4 0 s 154 0 56;168 2 22;131 2 15
36 4 0 m4 -172 5 47;171 -11 43;155 -10 9
35 4 0 m4 152 -3 33;-173 2 28;167 -5 22;-145 10 6;-127 5 6
35 4 0 m7 153 -0 44;-36 8 17;-11 7 17;163 2 11;133 1 6
35 4 0 m0 153 1 56;161 4 17;-34 -17 11;133 1 6;17 12 6
35 4 0 s 146 -0 53;129 1 27;169 3 10;-173 1 5
35 4 0 m3 151 -2 62;-174 3 17;170 2 8;123 14 8;-152 5 6
34 4 0 m4 163 3 27;-122 8 24;-171 -2 22;-102 11 11;-145 12 5
34 4 0 s -109 -1 29;171 2 16;151 3 15;129 1 10;36 0 9
34 4 0 m0 132 1 42;67 3 17;-173 0 8;36 0 8;17 3 8
34 4 0 m3 -164 3 26;146 13 23;-114 6 16;50 1 13;35 0 6
34 4 0 m2 -169 3 32;73 8 20;99 4 20;148 4 16;114 1 8
19 -2 0 m1 58 3 61;36 -8 24;74 8 7;13 0 6
19 -2 0 s 60 2 63;30 1 28
19 -2 0 m2 78 6 36;60 0 32;96 5 19;32 -3 8
20 -2 0 m0 10 0 45;-8 6 36;31 -1 11
20 -1 0 m0 25 -8 41;14 7 31;-12 3 18
20 -1 0 m1 30 -6 75;56 -8 8;18 5 7;119 8 5
21 -1 0 m1 29 6 58;16 1 36;47 2 6
21 -1 0 m2 27 4 70;18 0 30
21 -1 0 s 27 0 91;18 1 9
21 -1 0 m0 13 4 68;24 0 28
22 -1 0 m0 10 2 50;-9 5 36;28 1 11
23 -1 0 m0 -9 7 48;8 5 43
24 -1 0 m0 9 6 67;-6 6 18;32 7 7;49 8 7
24 -1 0 m7 6 7 61;-7 10 22;53 6 13
24 -1 0 s 48 5 64;13 3 26;34 6 7
24 -1 0 m6 9 4 70;31 9 15;-5 10 7;53 1 7
25 -1 0 m0 12 -3 70;29 -3 13;-5 5 12
26 -1 0 m0 15 -12 69;28 -10 26
27 -1 0 m0 17 -26 58;27 -16 40
28 -1 0 m0 18 -31 39;29 1 33;46 5 22;-4 4 6
28 0 0 m1 16 -8 44;30 -1 39;49 6 10
28 0 0 m0 13 -6 74;32 -3 15;-8 3 8
28 0 0 s 84 1 32;60 1 31;34 4 24;16 -4 10
28 0 0 m2 36 4 37;54 4 31;13 3 24;76 9 8
20 -2 0 m1 57 6 56;33 2 24;13 5 13
26 -1 0 m1 15 -16 49;33 3 42;55 5 9
26 0 0 m0 18 -4 88;30 8 12
27 0 0 m0 16 -26 67;27 1 23;-6 3 8
27 0 0 m1 29 -2 49;16 -33 42;50 5 7
19 -2 0 m5 35 -18 50;59 0 20;118 4 20;107 20 10
19 -1 0 m2 100 9 32;80 6 28;57 2 25;37 -11 10
19 0 0 m2 31 3 26;18 0 25;56 5 18;100 9 13;79 7 12
19 0 0 m3 32 2 20;121 12 19;78 11 15;57 8 15;97 10 11
19 0 0 m4 29 -3 25;20 -2 20;79 11 14;55 6 9;97 13 6
18 0 0 m5 28 -3 52;148 14 10;107 15 10;-98 2 6;-148 18 6
18 -1 0 m5 31 -6 48;150 20 14;172 23 10;128 18 7;50 7 7
18 -1 0 s 9 1 52;37 -6 39;52 -3 8
17 -1 0 s 30 3 73;8 1 23
17 -1 0 m3 114 20 33;27 4 25;97 13 25;84 2 17
22 0 0 m0 5 3 33;25 1 33;-11 5 29
29 1 0 m1 75 2 39;13 5 29;51 6 19;27 4 10
43 6 0 m4 -165 -37 54;-153 -34 24;172 -20 12;148 9 7
43 6 0 m3 148 7 51;167 1 20;122 6 14;-169 -25 10
42 6 0 m3 93 13 27;147 10 18;164 -12 18;126 -5 18;-179 1 9
42 7 0 m3 168 6 41;-171 3 30;150 12 27
42 7 0 m4 -168 -13 95
42 6 0 m6 -101 4 32;-86 5 32;-136 5 29
42 5 0 m6 -143 6 35;-81 9 28;-131 3 15;-172 3 12;-105 4 8
42 5 0 m7 -150 4 69;-69 8 15;118 9 8;-107 5 8
42 5 0 s -169 1 41;-149 2 23;176 -0 15;-39 9 8
42 5 0 m1 107 5 42;136 2 33;-171 1 25
42 5 0 m2 106 6 61;-174 1 11;145 2 8;-147 6 8;172 2 6
42 6 0 s 154 0 41;164 1 39;104 8 10
42 6 0 m2 125 4 27;143 3 27;85 16 16;103 9 16
42 6 0 m4 -167 -41 46;170 -28 29;-101 9 7;146 -13 7;-157 -42 7
41 7 0 m4 -167 -13 87;175 -4 6;-146 3 6
41 7 0 m3 -173 11 40;149 4 40;169 14 10;-148 2 10
41 7 0 m5 -166 -2 50;-144 1 50
36 6 0 m3 150 5 40;162 4 32;-169 1 28
35 6 0 s -176 1 60;142 2 37
43 5 0 m5 -167 -3 55;-149 4 34;169 -17 6
43 4 0 m6 -77 8 56;-65 6 20;-104 13 16;-125 13 9
43 3 0 m6 -80 6 42;-121 9 38;-65 5 12
43 3 0 m7 -64 6 77;-80 6 12;-105 10 8
43 2 0 m5 -169 -4 58;174 2 18;-149 4 15;-126 -2 6
43 2 0 m6 -79 5 30;-127 4 28;-148 2 12;-99 5 10;177 6 8
42 1 0 m5 -171 -12 52;170 -0 33;-127 4 15
41 1 0 m5 -174 1 59;168 2 29;-127 4 12
41 0 0 m5 177 7 36;-127 4 29;-170 3 14;155 2 14;-145 5 7
40 -1 0 m5 -162 5 36;154 6 36;164 10 29
39 -1 0 m4 147 6 46;131 6 39;-169 4 14
37 2 0 m3 144 7 70;167 4 30
37 2 0 s 174 1 66;-175 0 26
36 4 0 m3 169 5 54;152 2 17;-177 5 17;129 7 12
47 7 0 m4 -174 3 38;165 2 31;110 12 15;129 10 8;138 11 8
45 6 0 m5 -150 2 41;-166 -2 31;-124 7 21
44 2 0 m7 -71 5 70;-67 7 30
44 1 0 s 172 0 77;133 1 23
43 3 0 m3 173 1 43;137 1 29;121 7 21;-179 -6 7
43 3 0 m4 172 2 91;139 2 9
42 3 0 m4 168 -1 85;127 2 15
42 4 0 m3 174 -5 33;129 3 25;-178 -12 25;148 1 17
41 4 0 m4 -171 -13 71;176 -10 23;-154 -5 5
41 4 0 m3 174 4 70;-178 5 30
40 4 0 m4 -170 -10 55;175 -3 42
40 4 0 s 177 1 83;151 0 17
40 5 0 s -173 1 87;176 1 13
40 4 0 m5 -166 -9 55;174 -7 25;-128 8 10;-152 1 10
40 5 1 s -174 2 60;179 3 40
39 5 0 s -176 0 96
39 6 0 s 153 0 100
46 8 0 m6 -168 1 50;-117 5 22;-105 6 16;-84 4 9
45 7 1 m5 -167 -2 76;-147 7 14;-127 5 10
45 5 0 m6 -124 6 50;-101 6 32;-145 11 11;-86 6 6
45 4 0 m6 -119 7 41;-98 5 32;-81 7 18;-150 13 9
44 4 0 m5 -123 5 72;-140 9 23
45 1 0 m5 175 3 82;-135 5 9;-171 4 9
41 0 0 m3 142 1 64;125 -3 32
40 0 0 s 156 3 82;163 5 15
40 1 0 m3 141 -3 64;164 3 21;-177 3 14
40 2 0 m4 170 -3 69;-169 3 17;-147 2 10
39 2 0 m3 147 -8 44;-173 3 26;166 1 26
38 3 0 m3 167 -9 41;146 -17 29;-178 4 24;130 5 6
38 3 0 m0 153 -22 79;131 4 11;160 -21 11
39 3 0 s 138 0 89;159 -6 9
19 -1 0 m1 32 -34 50;57 12 33;77 12 10
19 -1 0 m0 15 -20 29;27 -15 29;84 8 11;52 0 11;91 8 8
26 0 0 m1 17 -17 64;31 2 36
29 0 0 m0 11 5 71;-16 4 14;27 11 9;-27 0 6
29 1 0 m0 10 6 88;34 7 7
30 1 0 m0 11 5 85;-9 8 11
31 0 0 m0 34 6 48;10 7 29;52 7 12;-13 6 5
31 0 0 m6 11 8 36;-7 10 29;27 5 21;48 5 7;-27 13 7
31 0 0 m7 11 8 42;31 6 38;-10 10 13;-28 10 5
32 0 0 m0 59 7 70;39 5 15;70 5 15
32 0 0 m1 57 5 60;42 4 20;75 4 15;92 3 5
32 1 0 m1 152 4 35;61 6 25;129 6 15;2 8 10;77 7 10
33 1 0 m1 60 9 50;72 6 45
33 1 0 s 76 -2 41;-168 2 27;32 25 24
24 -1 0 m2 15 5 62;-36 8 25;37 -1 6;59 4 6
24 -1 0 m1 13 4 52;-7 15 17;-31 9 13;30 5 9
25 -1 0 m7 10 -0 61;-9 6 16;-34 9 10;28 -0 10
30 1 0 m1 12 6 84;24 3 16
31 1 0 m0 12 6 83;-6 8 7;48 7 6
32 2 0 m1 35 13 20;55 7 20;175 3 16;81 13 12;122 7 12
32 2 0 m2 77 10 24;99 10 16;148 6 13;117 9 11;176 3 9
32 2 0 m3 173 4 28;119 10 22;145 7 19;-171 13 14;101 11 11
32 3 0 m2 -164 3 47;168 2 21;-153 2 15;152 11 6
32 3 0 s -164 -1 67;-80 1 10;169 1 5
18 1 0 m3 119 27 41;101 11 34;79 10 18;142 26 7
18 1 0 m2 104 11 30;60 11 26;36 15 22;80 11 17
18 2 0 m3 120 38 46;101 12 46;79 14 7
17 2 0 m3 120 23 54;77 13 23;102 5 11;66 13 6
17 3 0 m3 104 9 50;119 42 26;82 1 13;19 15 5
17 4 0 m3 101 12 64;119 58 18;76 22 9;54 20 9
17 4 0 m2 102 43 44;57 10 35;75 6 9;42 5 9
16 4 0 m3 102 44 85;120 39 11
16 5 0 m2 101 28 29;77 6 24;36 10 20;-13 -0 17;53 6 7
16 6 0 m2 38 5 26;99 15 19;78 6 19;18 7 17;59 8 17
16 7 0 m2 56 6 32;35 5 30;78 8 18;99 11 12;18 5 5
16 8 0 m2 57 7 69;38 3 24
16 9 0 m2 32 -11 60;60 9 30;81 3 5;106 3 5
16 10 0 m2 26 1 54;57 13 38;81 5 8
16 10 0 m1 31 -4 100
16 11 0 m1 32 6 67;16 -3 33
17 11 0 m1 32 -1 73;20 -33 19;53 14 8
17 12 0 m1 28 7 42;16 5 33;49 15 25
18 12 0 m2 50 9 47;19 3 40;32 10 13
18 13 0 s 16 1 55;-4 0 41
18 13 0 m2 19 2 60;49 4 30;29 3 10
19 -2 0 m0 9 4 34;-10 11 21;36 4 21;56 -4 16
20 -2 0 s 60 5 50;28 0 35;-18 24 11
20 -2 0 m2 77 11 25;101 10 23;38 -4 22;59 -1 22;120 10 9
20 -2 0 m3 55 -7 25;101 8 25;80 4 21;123 8 17;33 1 12
20 -1 0 s 28 0 87;12 1 11
20 -1 0 m3 98 6 37;119 9 24;79 4 12;141 15 8;33 3 7
20 -2 0 m7 -12 3 32;33 -2 22;-33 6 22;9 3 15;53 1 7
20 -2 0 m6 39 6 95;0 1 5
20 -3 0 m5 34 2 42;49 6 33;78 5 25
19 -2 0 m3 31 -5 70;98 6 14;79 3 9;57 6 7
21 -2 0 m0 11 6 54;33 7 22;51 6 11;-6 5 10
21 -2 0 m1 39 9 51;54 8 32;69 5 11
22 -2 0 m0 54 5 38;79 8 20;38 7 20;20 3 15;95 14 7
22 -2 0 m1 56 6 53;76 6 34;93 6 7;40 5 6
22 -2 0 m2 58 7 43;76 5 36;97 7 19
22 -1 0 m2 54 6 44;35 6 32;77 7 17
22 -1 0 s 54 1 55;34 1 45
22 -1 0 m1 33 6 43;12 6 38;-9 10 8;47 5 7
22 0 0 m1 29 3 72;14 5 21
23 0 0 m0 -12 11 37;11 5 37;31 1 21
23 -1 0 m7 -7 9 39;10 6 30;-30 3 18;35 4 12
48 7 0 s 90 -0 51;88 -4 37;128 8 8
48 8 0 m2 101 13 55;120 26 32;-176 2 10
48 9 0 m3 143 15 56;122 27 33;109 30 11
47 9 0 m3 126 24 44;147 17 32;166 8 17
47 9 0 m4 152 12 40;169 10 30;-144 14 15;-170 23 10;-130 14 5
46 9 0 m4 147 14 44;164 1 22;-155 11 19;127 13 15
46 9 0 m3 143 10 44;165 3 36;125 13 18
46 10 0 m3 147 26 65;163 34 14;130 27 8;-168 1 8;99 17 5
45 10 0 m3 142 17 35;127 12 35;165 -3 21;102 15 9
44 10 0 m4 170 10 56;143 40 28;-171 26 11;-157 29 6
44 10 0 m3 145 44 51;164 3 31;130 58 12
44 11 0 m3 145 31 50;160 9 29;131 34 14;-172 12 7
43 11 0 m3 126 52 37;163 5 30;144 54 13;106 45 10;-171 10 9
43 12 0 m2 121 78 80;102 36 10;136 81 10
43 12 0 m3 140 41 46;131 14 31;160 0 15;108 16 8
42 12 0 m3 128 45 64;144 13 20;160 -1 12
42 13 0 m3 143 23 49;127 28 24;164 2 14;-152 3 11
41 13 0 m3 143 8 29;168 1 21;126 29 20;-171 0 10;-146 2 9
41 14 0 m3 167 6 36;150 8 30;-170 -1 26;125 15 6
40 14 0 m3 169 -6 68;153 17 18;-170 0 9;-129 4 6
40 15 0 m3 170 9 57;-169 -1 35;154 10 6
40 15 0 m4 177 6 53;-155 -30 26;-172 5 21
39 15 0 m4 -172 4 42;174 10 37;-152 -30 12;157 5 6
39 15 0 m3 175 10 41;-173 -0 35;153 9 24
38 15 0 m4 -172 -1 45;173 9 39;-126 -25 9;-154 -28 5
37 15 0 m4 -170 -4 43;169 11 31;-130 -22 14;-145 -14 11
36 15 0 m4 -170 -4 43;168 8 26;-126 -23 17;150 20 9
35 15 0 m4 -174 -26 43;167 -12 27;150 16 16;129 4 6;-150 -0 6
35 16 0 m4 -160 -28 50;173 4 33;151 32 17
34 16 0 m3 165 6 39;151 22 36;-170 6 18
34 17 0 m3 154 29 38;-170 2 38;163 20 23
33 17 0 m3 168 10 65;149 12 25
32 17 0 m3 -175 7 84;173 9 16
32 18 0 m4 -166 12 58;-150 23 18;-127 4 18;173 6 7
31 18 0 m4 -151 4 50;-164 4 32;-97 2 10;-124 4 8
31 17 0 m4 -167 13 79;-154 8 14
30 17 0 m4 -169 6 52;-150 14 32;174 5 10
30 17 0 s -167 6 43;-151 5 21;-9 8 13;174 3 12;-71 16 6
47 7 0 s 92 8 71;170 1 10;-173 1 9;86 10 5
47 8 0 m2 98 6 28;-170 1 20;122 5 14;81 10 12;146 6 11
47 9 0 m2 123 20 34;100 28 27;-162 0 20;143 10 8;81 39 8
46 9 0 m5 -123 11 46;178 1 23;-143 13 15;131 11 8;-179 1 8
45 9 0 m3 145 13 62;163 -2 28;127 19 11
42 12 0 m2 124 24 41;105 52 24;136 7 18;75 8 12;55 8 6
35 15 0 m3 170 -3 51;150 9 25;125 10 8;-176 4 6
35 16 0 m3 145 37 67;-175 2 25;167 1 8
34 16 0 m4 -149 8 42;-161 -4 25;152 42 17;165 6 17
31 17 0 m5 -166 10 57;-154 7 29;175 14 14
30 17 0 m5 -164 6 63;-150 13 32;-106 9 5
44 11 0 m4 -162 -1 42;149 15 33;169 15 25
41 13 0 s -144 0 44;-128 -0 33;152 1 14;133 6 6
41 13 0 m1 145 4 47;168 0 33;-168 -1 13;-131 2 7
41 13 0 m2 167 2 38;141 4 29;128 19 17;-169 1 12
41 14 0 m4 169 -13 53;-176 -36 34;102 13 6
41 14 0 s -170 -0 50;170 -2 28;148 4 12
41 14 0 m2 -168 -5 49;172 -1 38;149 7 9
41 14 0 m6 -168 0 57;172 0 14;-147 5 14;-125 5 14
41 13 0 m6 -129 3 54;-138 3 34
37 15 0 m3 -153 5 45;-177 -17 36;171 1 18
37 16 0 m4 176 7 76;-150 -3 24
36 16 0 m4 175 4 53;-173 -3 41;-152 -38 6
34 15 0 m4 164 -2 30;152 5 30;-172 4 16;131 6 14
34 15 0 s -171 2 39;127 5 27;142 5 16;170 3 7
34 15 0 m3 171 -11 40;145 6 20;124 7 17;98 -0 12;-177 4 11
34 15 0 m2 172 3 53;-176 0 15;148 10 12;100 5 12;128 4 9
34 16 0 m2 -171 1 36;162 6 29;141 7 14;122 4 14;-145 3 7
33 16 0 m3 168 6 50;-175 12 31;144 11 19
32 18 0 m3 -170 4 62;171 8 19;-130 2 19
31 18 0 m5 -159 5 48;-152 18 32;-124 16 12;-102 9 8
47 8 0 m1 97 14 55;83 9 27;64 8 9;43 13 9
45 11 0 m3 147 39 47;126 36 19;-161 0 19;162 49 9;107 55 6
43 11 0 m4 -168 -0 45;171 19 36;131 30 18
41 13 0 m4 -150 -0 33;-126 5 25;-170 -2 17;133 6 8;177 5 8
41 14 0 m7 -118 2 31;-141 1 23;167 1 23;-83 -1 15;-98 -2 8
41 13 0 m7 -126 4 51;-139 3 35;-102 3 12
42 13 0 m7 -128 -0 55;-141 -2 45
42 13 0 s -176 9 69;-145 0 23
42 13 0 m4 172 9 46;-147 -1 25;-171 3 21
42 12 0 s -146 0 91
40 14 0 s 170 -11 46;-177 -21 31;-129 0 23
19 -1 0 m3 98 8 24;30 -13 23;56 0 22;78 4 21;126 18 7
19 -1 0 s 13 -3 26;54 1 24;81 10 22;33 -13 19
19 -1 0 m6 12 1 30;74 6 27;27 -1 18;-47 0 12;-5 1 9
19 -1 0 m5 56 -5 41;33 -15 34;83 11 10;12 -20 7
19 -1 0 m4 81 5 29;32 -12 26;53 -4 19;18 -22 13;100 8 10
19 1 0 m3 119 14 39;101 11 27;78 9 22;59 6 10
18 3 0 m3 105 24 47;121 42 40;87 1 13
17 3 0 m2 102 46 50;59 11 36;86 6 9
16 5 0 m3 98 14 60;88 8 20;66 6 10;18 0 10
16 6 0 m3 74 14 40;26 7 40;5 6 20
16 6 0 s -7 -0 95
16 7 0 m3 98 12 27;57 7 27;3 10 18;85 9 18;143 14 9
15 7 0 s -19 0 100
18 -2 0 s 60 9 96
19 -3 0 m3 35 2 58;58 7 33;137 -1 8
19 -2 0 m7 30 1 58;58 -10 16;13 3 8;-11 7 8;96 2 5
20 -3 0 m7 55 -3 41;34 5 34;-13 5 16;7 4 9
20 -3 0 s 57 1 72;32 4 19;70 -3 7
20 -3 0 m1 57 -2 65;38 18 24;76 3 5;7 8 5
20 -3 0 m2 59 -3 40;75 9 33;40 2 13;115 -2 7;15 11 7
20 -1 0 m2 28 1 29;98 6 20;122 10 17;15 2 15;79 4 14
20 -1 0 m5 30 -2 42;11 1 25;101 5 12;82 8 8;-179 9 8
18 0 0 m3 121 12 42;145 21 34;103 11 15
16 3 0 m3 98 23 47;120 72 41;84 13 12
16 4 0 m2 100 20 63;83 10 26;56 15 9
20 6 0 m1 34 7 48;51 -2 28;7 11 12
20 7 0 m2 51 3 43;34 4 29;74 9 14;9 7 11
21 7 0 m1 15 10 42;30 4 32;49 -2 26
21 8 0 m2 -19 7 42;40 -4 33;46 -4 25
21 8 0 m1 -11 6 33;5 5 31;37 -3 18;46 -19 10;-46 0 5
22 8 0 m0 -11 6 76;18 0 18;25 0 6
22 9 0 m0 6 1 33;-10 0 33;-26 6 33
23 9 0 m0 30 -23 28;-29 1 28;-11 4 25;3 4 17
24 9 0 m0 -17 -16 41;0 5 32;-23 -25 14;45 0 9
25 10 0 m1 21 7 36;58 2 27;32 4 27;82 9 9
25 10 0 m2 60 6 47;84 9 24;38 4 18;14 4 12
25 11 0 m2 31 4 56;55 8 28;14 3 16
25 12 0 m2 12 2 60;43 2 20;54 4 10;78 7 10
26 12 0 m1 10 3 59;31 6 19;58 5 11;-8 8 11
19 0 0 s 19 -0 62;28 -0 29
19 1 0 m2 15 1 31;79 12 27;60 7 21;96 10 14;34 6 6
17 5 0 m1 56 8 53;26 18 40;70 5 7
17 6 0 m1 58 5 40;34 8 40;101 83 20
18 8 0 m2 58 3 50;40 1 50
18 9 0 m2 39 1 75;55 3 17;19 2 8
18 9 0 m1 33 -2 50;15 7 39;-4 1 11
19 10 0 m1 31 -15 83;47 0 9;13 7 6
19 10 0 m0 7 5 45;33 1 33;-2 2 21
19 10 0 m2 39 2 33;58 6 33;16 7 17;75 -3 17
20 11 0 m2 36 1 51;13 3 34;45 -1 9;72 8 6
20 11 0 m1 33 -10 72;7 1 16;-4 -25 8
20 12 0 m0 26 -27 75;6 4 25
16 8 0 m1 34 1 70;9 2 30
17 8 0 m0 27 10 50;3 1 50
17 9 0 m1 29 -17 88;11 1 12
20 11 0 s 38 -2 91;1 -7 6
22 12 0 m2 61 0 100
22 13 0 m2 21 2 50;56 2 25;28 4 25
23 14 0 m0 12 5 63;-28 3 26;28 7 8
24 13 0 m7 -32 4 42;-10 6 33;7 7 17;-47 10 8
25 10 0 m6 -38 2 50;-51 2 40;55 0 10
25 9 0 m6 -29 -0 100
25 9 0 m0 -11 -8 68;-27 -2 16;0 5 16
26 9 0 s -17 -2 53;-30 8 42;56 0 5
26 9 0 m3 74 7 46;-31 1 23;-152 17 8;43 10 8;133 5 8
25 10 0 m3 63 12 35;83 9 25;163 14 15;138 12 15;100 9 10
25 11 0 m3 50 4 40;36 5 30;17 2 15;72 8 10;124 12 5
25 11 0 s 18 2 63;48 2 33
27 15 0 m2 56 6 73;82 6 27
26 17 0 m1 7 12 48;-6 14 36;24 16 12
27 18 0 m0 5 8 62;-15 11 38
28 18 0 m0 -10 10 52;2 10 48
29 18 0 m0 -10 13 90;-29 16 5;0 5 5
30 18 0 m0 -32 12 82;-51 5 18
31 18 0 m0 -6 11 38;-61 8 31;-71 10 23;-44 19 8
31 17 0 m6 -119 20 54;-146 15 31;-166 19 15
48 9 0 m2 102 23 35;83 25 26;138 15 17;121 18 17
47 9 0 m5 -142 19 50;-129 14 30;-176 32 10;157 25 10
43 10 0 m4 170 5 100
42 11 0 m3 126 74 50;176 10 19;-170 4 19;139 7 8
29 17 0 m4 -161 -0 33;-144 5 33;-128 6 17;-108 10 8;178 4 8
28 17 0 m5 -121 4 71;-106 3 18;-145 2 12
25 15 0 m4 -128 4 36;-98 7 27;-138 6 18;-161 3 9;-89 3 9
25 15 0 m5 -86 7 23;-63 6 23;-156 7 15;-94 5 15;-161 3 8
25 15 0 s -16 0 37;-33 0 27;7 1 17;-121 3 8
24 15 0 m5 9 -13 38;-87 3 25;-10 -40 12;-103 3 6;-122 2 6
24 14 0 m4 16 5 38;-72 5 25;-18 0 25;-169 3 6;-63 4 6
46 7 0 s -171 2 59;173 2 31
46 6 0 m6 -102 5 58;-118 6 13;-163 1 13;-147 5 5
46 5 0 m6 -99 4 56;-169 2 21;-122 6 16
46 4 0 m6 -172 2 34;-99 4 25;175 2 19;-125 4 11;-146 3 5
46 3 0 m2 -175 1 53;172 6 21;142 12 16;106 11 5;134 14 5
46 4 0 m2 -176 0 60;177 1 40
46 4 0 s 178 1 51;-179 1 49
43 0 0 m5 -171 6 52;173 6 26;-125 4 22
43 0 0 m4 168 2 77;-158 0 18
42 0 0 m4 164 -4 39;147 -1 39;-170 4 22
42 -1 0 m4 154 -2 72;165 -0 25
42 -1 0 m5 168 8 40;146 0 40;-132 4 7;-145 4 7;-167 4 7
41 -1 0 m4 151 -1 67;167 1 29
40 -1 0 m4 151 -0 72;166 1 21;132 5 7
40 -1 0 m3 147 5 36;129 8 36;159 -31 27
39 0 0 m3 146 4 51;166 -9 37;132 2 11
39 0 0 m2 169 -27 54;144 8 33;130 8 12
39 1 0 m3 149 1 50;170 -21 33;-178 -47 17
39 1 0 m4 172 1 57;151 -4 25;-178 -18 15
38 1 0 m4 169 -6 64;152 6 18;-177 -16 13
37 1 0 m4 166 -1 45;149 7 28;-174 1 23
37 1 0 m3 -173 3 54;173 4 28;143 7 16
37 1 0 s 124 -1 89;137 -1 5
37 1 0 m2 127 -0 34;-172 3 27;148 6 25;173 4 14
37 2 0 m2 165 4 35;125 1 26;148 10 26;-162 3 12
36 3 0 m4 163 3 35;-172 -4 30;144 4 26
36 3 0 m5 -167 -4 41;-33 0 23;-128 0 9;-156 8 9
36 2 0 m5 121 3 36;-175 5 18;-153 5 18;-122 7 18;161 -29 9
35 2 0 m5 149 -0 28;167 -11 28;117 6 22;-167 6 17;106 0 6
35 2 0 m6 151 -7 39;-97 5 22;116 7 17;170 7 17;-143 13 6
35 2 0 m4 154 -33 35;110 -2 17;159 -33 17;116 -1 17;-173 -13 13
35 1 0 m6 172 8 30;-143 8 25;-131 9 20;-164 7 15;150 9 5
35 1 0 m7 108 6 30;168 13 15;-131 5 10;-74 11 10;-171 10 10
35 1 0 m5 -160 8 31;-148 3 31;145 10 19;175 -21 12;-133 12 6
35 1 0 m4 164 -16 44;-171 -32 32;149 8 18;-150 1 6
35 1 0 m3 144 4 63;170 -6 30
35 1 0 s 168 11 48;153 17 28;-171 0 17
35 1 0 m0 167 -20 67;109 3 8;116 3 8;7 14 8
35 1 0 m1 168 11 25;151 14 25;14 11 25;-154 25 17;-178 25 8
34 1 0 m4 101 11 40;150 2 30;117 7 20;164 -56 10
34 1 0 m3 130 11 50;99 6 40;146 0 10
34 1 0 m2 103 9 53;118 9 20;85 7 20;-162 3 7
34 1 0 s 98 6 75;-169 5 12
34 2 0 m3 146 4 57;126 11 26;103 5 9;176 16 9
34 2 0 s 105 2 63;143 3 21;128 13 7;-167 2 7
44 1 0 m5 170 3 58;-121 7 17;-163 9 17;-155 16 8
44 0 0 m4 171 1 56;-174 1 25;153 5 19
42 0 0 m5 -170 5 55;169 2 45
41 0 0 m4 171 4 60;149 -13 33;-172 1 7
39 0 0 m4 164 -17 57;147 3 29;-173 10 14
36 2 0 m4 168 -0 39;148 -5 26;-174 -5 21;123 -1 12
35 3 0 m3 -168 2 31;146 9 22;171 14 18;103 -0 13;-151 16 11
35 3 0 m4 -170 6 40;168 5 38;-149 7 13
35 3 0 m5 -169 1 38;125 0 38;105 1 23
35 3 0 s 126 0 38;108 1 21;-169 -1 12;142 4 9;-4 -41 7
35 3 0 m7 -33 10 27;-80 14 14;-11 5 14;-160 3 9;-123 7 9
47 6 0 s 90 1 90;85 0 7
46 8 1 m5 -146 8 45;-166 3 45;-126 18 10
45 8 1 m5 -167 4 72;-122 16 16;-139 13 12
45 8 1 m4 -168 3 60;-129 16 30;-137 17 10
45 7 1 m6 -168 4 52;-121 8 23;-142 7 16
45 7 1 s -168 1 97
45 7 1 m7 -169 2 67;-127 5 20;177 4 7;-156 0 7
45 7 0 s -172 1 94;175 2 6
46 7 0 m1 172 9 32;126 14 23;-169 7 23;140 7 14
46 5 0 s -170 1 98
45 1 1 m5 170 0 40;-167 6 40;-154 9 10;-131 5 10
44 -2 1 s 144 2 95
46 8 1 m4 -149 9 55;-166 5 41
44 5 0 m5 -149 3 51;-163 -2 38;169 -7 9
43 4 0 m5 -171 -11 80;177 -7 9;-147 4 9
43 4 0 s -178 0 62;179 1 23;114 15 8;139 5 8
43 4 0 m4 -171 -20 50;177 -17 50
42 4 0 m4 -170 -22 71;175 -17 22;-154 -4 6
42 4 0 m5 -170 -12 73;-151 1 15;175 -13 12
39 4 0 m4 174 -5 58;-168 -17 36;151 4 6
38 4 0 m3 172 -3 63;-170 1 23;149 3 14
38 4 0 m4 169 -12 55;-167 -15 38;-156 -12 6
37 4 0 m4 173 -13 55;-171 3 41
36 5 0 m2 131 6 47;145 4 33;98 3 13;167 1 7
36 5 0 m3 151 9 55;170 2 36;-171 7 9
47 8 0 s -170 1 81;178 1 17
46 7 0 m7 -100 9 48;-167 2 22;-87 7 17;-139 6 9
46 6 0 m2 164 1 59;-159 2 18;-155 3 18;81 11 6
46 6 0 s 167 0 75;-161 0 8;-152 3 5;-106 8 5;72 -2 5
46 5 0 m5 -169 2 100
45 5 0 s -160 -1 100
45 5 0 m4 -166 -6 72;169 -21 28
44 6 0 m3 -157 -10 33;133 5 27;164 1 27;-158 -12 7;138 5 7
43 6 0 s 166 -1 56;154 2 30;127 3 6
19 0 0 m6 16 -2 57;-10 2 14;28 -0 12;-36 4 8
19 0 0 m7 31 2 44;19 -5 25;-13 2 12;51 -10 8;93 9 5
20 0 0 m7 -29 1 20;51 4 20;9 4 16;-3 6 16;24 4 12
20 0 0 m6 19 2 24;-30 3 19;-71 12 19;-165 17 14;-58 16 14
20 0 0 s 32 -7 28;-145 13 17;-166 23 10;10 3 9;-26 9 8
20 0 0 m3 100 5 37;146 1 17;124 5 11;63 3 9;81 4 9
19 0 0 m1 29 -18 59;50 0 21;20 -5 14
19 0 0 m0 25 -36 49;18 -26 40;72 8 7
20 0 0 m0 28 -48 54;18 -34 14;-6 -0 12;55 -9 10
20 0 0 m1 31 -47 69;49 -22 18;15 -1 10
20 0 0 m5 170 6 18;-174 17 17;146 5 15;100 3 12;121 10 11
20 -1 0 m6 14 2 50;-57 9 14;-6 2 9;45 4 9;93 5 9
20 -1 0 m7 -14 5 34;10 3 31;28 2 18;-57 9 8
20 -1 0 m4 101 6 39;13 -0 19;118 4 19;84 6 11;31 -19 8
20 0 0 m2 34 -12 46;15 -2 15;98 15 12;80 -1 12;56 -6 8
20 0 0 m4 100 7 32;121 11 29;52 -4 11;83 9 7;145 16 7
19 2 0 m2 79 11 38;61 8 25;97 38 14;39 10 10;11 2 7
19 3 0 m2 79 9 27;53 9 24;36 9 16;9 5 16;100 33 14
19 3 0 m1 8 5 73;37 9 18;74 6 9
20 4 0 m1 5 2 50;-8 1 30;60 11 10;70 12 10
20 5 0 m1 4 3 57;-6 1 23;32 5 17
20 5 0 m0 5 4 48;-11 1 44;-25 2 8
20 5 0 s -7 -0 66;2 -0 21;-28 1 9
20 5 0 m2 74 12 32;55 5 27;-10 0 18;37 4 18
20 5 0 m6 -8 0 40;-95 0 24;-53 4 20;-27 3 8
20 6 0 m2 74 4 33;51 4 30;35 3 22;-15 0 11
20 8 0 m2 41 0 42;53 7 38;77 8 12
20 8 0 m1 33 0 35;3 9 25;53 7 25;-11 8 15
21 9 0 m1 40 -17 52;-12 1 32;-35 4 10
22 9 0 m1 -14 1 76;39 -25 24
22 9 0 s -13 -3 100
23 9 0 s -20 -0 100
19 -3 0 s 58 6 87;36 -5 8
19 0 0 m5 30 -13 38;19 2 23;49 5 7;147 9 5;100 13 5
19 -1 0 m7 8 1 44;57 -2 28;-6 3 11;37 -6 11;72 5 6
19 4 0 m1 8 2 55;59 8 18;-2 2 14;35 3 14
21 8 0 m0 -9 13 45;-42 0 36;2 11 18
22 7 0 m0 9 4 84;-43 2 11;-179 1 5
23 7 0 m0 17 4 33;-46 2 26;-15 -14 22;29 1 15
24 7 0 m0 -13 -25 38;28 1 24;13 0 19;-47 1 10;-34 3 10
25 8 0 m2 75 3 30;16 4 25;-16 3 15;29 5 10;-25 3 10
25 8 0 m3 83 5 40;54 4 30;93 6 20;41 5 10
23 9 0 m3 101 7 92;131 8 8
23 10 0 m2 -56 1 41;100 4 38;-10 1 12;70 3 9
23 11 0 m2 58 3 64;95 8 7;81 -3 7;117 -3 7;-7 -3 7
22 11 0 m3 18 1 52;37 2 33;95 2 10
22 11 0 m2 31 -8 67;56 4 19;72 6 15
23 12 0 m2 59 3 56;-31 3 24;79 5 8;20 1 8
23 13 0 m1 35 2 38;13 2 18;50 3 18;-18 1 9;-53 2 7
23 14 0 m1 27 5 50;9 4 42;92 -4 8
24 14 0 m1 34 3 53;16 4 42
24 15 0 m1 9 3 50;-10 2 21;29 10 21;-58 47 9
25 15 0 m1 -15 2 35;9 2 35;-32 1 15;34 5 8;51 6 8
25 15 0 m2 8 3 46;-17 2 29;-27 1 18;51 6 7
21 0 0 s 27 0 37;-74 10 22;-160 24 19;-144 24 7
21 -1 0 m7 -13 6 50;12 3 23;-32 0 14;31 0 9
21 -2 0 m7 9 8 36;-12 8 36;-31 9 11;31 8 10;-50 7 6
22 -3 0 s 116 3 75;16 7 19;76 6 6
21 -2 0 m3 117 6 60;108 7 20;81 6 10;135 0 10
21 -2 0 s 6 1 89;83 6 5;28 16 5
21 -2 0 m4 108 8 53;137 9 33;127 8 7;-174 9 7
19 1 0 m1 29 9 55;17 1 36;55 6 9
20 1 0 s 18 0 64;34 -0 34
19 1 0 m6 16 -1 44;-77 6 31;-36 4 19;-58 8 6
19 1 0 s 15 -0 94
19 2 0 m3 100 30 50;86 11 22;117 1 11;30 8 6;159 81 6
19 4 0 m2 9 6 33;78 5 27;53 11 23;34 4 8;-1 1 8
19 5 0 m1 59 10 46;14 3 32;37 11 11;-1 3 7
20 12 0 m1 9 3 66;48 11 17;34 4 14
20 12 0 m2 32 5 47;11 3 38;52 10 15
20 12 0 s 6 1 35;26 1 30;-13 5 17;-49 3 15
20 13 0 m2 14 3 68;30 8 26;-1 1 6
21 13 0 m1 12 5 100
21 14 0 m1 7 7 100
21 14 0 m0 12 8 67;-23 1 25;-14 1 8
22 14 0 m0 10 5 85;-23 1 15
24 14 0 m0 10 5 41;-35 3 22;32 7 19;-2 9 7;60 11 7
25 14 0 m6 -56 8 36;-16 3 27;-72 59 27;-24 3 9
25 14 0 s -33 2 45;-12 5 17;11 -0 10;-52 5 8;-72 7 8
24 14 0 m3 31 8 42;9 4 16;106 1 11;51 7 11;-4 3 11
24 14 0 m2 14 10 29;36 6 24;70 7 17;51 9 14;-27 10 10
24 14 0 s 19 1 60;-63 5 29;34 8 8
25 15 0 m6 -75 9 44;-61 5 19;-10 1 19;11 6 12;-117 9 6
24 15 0 m2 10 7 71;27 10 11;-4 1 11
25 16 0 m1 9 12 56;25 10 28;-37 7 12
44 -1 0 m6 -74 5 54;153 3 38;162 1 8
44 -2 1 m4 147 4 70;-171 7 30
42 -1 0 m3 156 -7 70;131 0 30
38 0 0 m3 148 8 40;132 2 33;169 3 23
36 1 0 m3 145 12 49;167 11 31;127 7 14;-172 7 6
36 1 0 s 126 2 43;164 2 24;-170 3 13;145 7 10;42 4 5
34 3 0 m4 -121 8 35;-167 8 32;-144 10 15;-107 8 12
33 3 0 m4 -106 10 57;-123 13 29;-90 12 9;-142 6 6
33 3 0 m5 -105 8 79;-144 5 7;-114 17 7;-89 10 7
33 2 0 m5 -101 10 80;-144 5 10;-161 3 10
33 2 0 m6 -165 5 30;-147 6 23;-105 11 20;-121 9 20;-87 7 5
33 1 0 m6 -168 4 45;155 6 19;159 6 10;76 4 10;-149 11 10
33 1 0 m2 61 8 38;69 3 33;-171 1 10;154 17 7
46 7 0 m3 170 6 50;-173 4 20;127 20 10;108 2 10;146 3 10
46 7 0 m2 -173 3 29;170 8 17;106 6 17;123 13 17;142 8 12
45 3 0 m6 -105 7 50;-78 7 50
25 14 0 m2 2 3 60;70 16 30;55 18 10
19 2 0 s 10 -0 62;37 4 18;-4 0 11;94 12 9
19 4 0 s 1 0 65;-3 2 35
19 5 0 s -4 -0 42;6 1 33;26 -2 19
19 6 0 m2 57 7 32;75 2 28;37 3 28;5 5 12
19 5 0 m2 55 6 45;77 3 30;33 8 18;16 0 5
21 6 0 m0 -12 2 50;6 6 44;25 3 6
20 4 0 m6 -75 3 50;-98 -1 50
22 0 0 m2 30 2 90;21 5 5
23 0 0 m7 -17 13 50;-33 5 43;13 2 7
23 0 0 s 11 2 67;24 1 15;-21 11 10;53 -2 8
24 0 0 m3 12 2 77;33 6 23
24 0 0 m1 16 3 52;30 3 41;-3 1 7
24 0 0 s 15 1 75;24 3 22
24 0 0 m6 13 -1 56;-3 3 38;-27 16 6
26 0 0 m2 16 -15 90;24 -5 10
26 1 0 m1 25 -17 67;11 -34 33
26 1 0 m0 12 -22 67;-6 -7 22;30 -6 10
27 1 0 m0 10 -25 68;-6 -4 29
27 1 0 m7 5 -2 52;-13 2 48
28 0 0 m7 9 0 89;29 14 11
28 0 0 m4 17 -33 29;46 -50 24;77 10 19;-120 5 10
28 -1 0 m4 105 -1 40;19 -50 40;-106 5 10;36 -50 10
28 -1 0 s 59 -0 43;32 -20 16;21 -0 16;80 0 16;93 1 7
28 -1 0 m1 52 6 60;31 0 30;18 -49 10
28 1 0 m2 75 6 30;57 4 25;32 0 18;4 3 12;97 1 10
32 1 0 m0 11 9 78;-4 13 9;30 5 9
33 1 0 m0 31 11 32;61 10 28;15 12 24;94 11 12
33 2 0 m2 58 8 23;35 7 19;9 5 16;71 9 14;-167 2 11
33 3 0 m2 -10 5 55;112 6 22;9 7 10;-27 7 5
34 3 0 m0 -13 3 22;-31 -0 17;-109 5 17;-48 5 11;13 6 11
35 3 0 m0 -30 1 35;119 4 18;38 5 18;102 7 18;-10 6 12
27 1 0 m1 15 -26 76;37 3 24
28 1 0 m0 10 -7 51;-10 3 37;27 9 6
28 1 0 m1 9 4 46;35 1 35;59 2 15
28 2 0 m2 51 7 57;4 2 43
28 2 0 m1 31 1 52;17 -27 30;48 4 17
28 2 0 m0 12 -21 64;36 2 21;53 5 7;105 5 7
29 3 0 m1 31 2 85;109 4 8;5 13 8
28 2 0 s 4 2 97
29 3 0 m0 11 3 43;35 2 33;-11 6 19
45 6 0 m6 -103 6 42;-119 7 39;-148 6 10;-61 4 5
45 5 0 m5 -119 7 65;-165 -0 25;-150 7 8
43 3 0 m5 -145 5 55;-127 2 36;-170 10 9
43 2 0 m4 175 -5 57;-172 -19 43
42 2 0 m4 -174 -15 56;174 -5 42
41 2 0 m4 175 -2 44;-174 -24 44;148 -15 13
32 2 0 m0 41 9 50;-171 5 30;-51 11 10;109 5 10
32 3 0 m3 -164 3 54;151 4 23;-148 3 15
32 3 0 m0 -99 6 50;-83 9 20;-34 5 20;-161 0 5;-116 0 5
32 3 0 m6 -165 3 32;170 2 19;-147 6 16;-125 4 11;-100 4 7
32 3 0 m7 -124 3 27;-160 1 20;-71 7 20;-108 3 13;-152 1 13
43 5 0 m4 -164 -25 76;174 -36 17
42 5 0 m5 -173 1 57;174 -4 17;-154 2 10;-126 -22 10;148 6 7
37 4 0 m5 -169 3 36;167 0 36;-150 5 18
34 5 0 m3 -169 5 53;173 10 19;153 -23 11;133 10 11;-156 8 6
46 6 0 m5 -170 -3 29;-150 3 25;-120 9 21;169 -12 21
41 4 0 m5 -172 -5 61;-125 2 22;169 -32 11;-142 -10 6
35 5 0 m4 -168 3 88;175 7 12
34 5 0 m4 -166 3 85;153 -36 12
33 5 0 m3 -162 5 67;-155 6 25;81 3 8
33 5 0 m4 -151 8 67;-159 3 29
33 5 0 m5 -150 7 72;-161 6 20;-133 6 8
32 4 0 m5 -153 4 46;-163 4 42;-17 2 8
32 4 0 m4 -163 5 51;-153 5 32;15 4 8;-119 6 8
31 4 0 m4 -151 6 62;-127 6 21;-160 4 12
30 4 0 m4 -122 3 56;-109 4 17;-151 6 17;-160 2 11
30 4 0 s 17 0 36;-42 3 29;-169 -8 14;-113 -2 14;-112 2 7
30 3 0 m6 -106 2 31;-164 1 17;-29 7 17;-117 2 10;-50 11 7
30 3 0 m0 7 10 60;-38 5 13;-5 6 7;-46 5 7;85 4 7
31 3 0 m0 5 10 29;-31 7 26;-150 6 16;-71 6 13;-6 11 10
31 3 0 m4 -165 5 38;-156 1 25;152 2 17;165 3 12;-124 4 8
30 3 0 m4 -119 6 20;121 2 20;108 2 20;-149 6 20;162 2 5
29 2 0 m6 -76 10 57;-56 8 29;-29 9 7;-105 3 7
29 1 0 m6 8 4 36;76 2 17;-14 7 14;-58 7 8;-35 12 8
29 0 0 m7 -29 13 38;14 4 25;26 2 19;-7 13 19
29 0 0 s 24 0 60;120 2 15;85 2 10;22 -5 7;90 0 6
29 0 0 m2 60 6 39;24 0 33;11 2 22;78 3 6
29 1 0 m2 78 5 27;10 5 27;31 6 21;52 9 15;90 3 6
30 3 0 s -156 -1 33;108 1 24;120 -1 14;-110 -6 10;87 3 8
30 3 0 m2 30 1 23;-169 -5 18;13 4 18;48 8 18;168 3 9
30 3 0 m1 13 5 31;29 2 25;168 3 12;88 13 12;49 1 12
30 4 0 m2 14 0 50;-167 -6 36;85 17 14
30 4 0 m1 14 1 62;86 15 14;-15 3 10
30 4 0 m0 49 2 36;10 4 21;25 0 21;-78 15 14;-161 1 7
45 7 0 m6 -150 0 43;-128 5 29;-165 -6 14;-107 7 14
37 4 0 m3 167 3 53;-172 2 27;152 -2 20
37 4 0 m2 124 12 31;151 5 25;106 10 19;169 1 19;-177 1 6
36 4 0 m5 172 -7 50;-174 3 30;156 0 20
30 4 0 m5 -101 6 30;-130 3 22;-57 5 19;-76 9 11;-151 9 11
18 3 0 m2 65 6 35;99 23 31;73 10 31
18 4 0 m2 81 6 31;56 6 31;11 2 25;98 1 11
19 7 0 m1 33 -15 87;10 15 13
20 7 0 m1 31 -1 45;14 11 30;52 3 14;-6 2 11
21 9 0 m2 39 -3 61;57 7 22;-17 3 17
21 10 0 m1 34 1 41;57 7 24;16 -9 24;73 7 6;-1 4 6
22 11 0 m1 31 1 83;19 1 11;60 3 6
23 12 0 m1 26 -15 39;12 -5 26;-9 1 17;52 2 13
24 13 0 m1 29 -16 43;12 0 14;-37 8 14;-56 14 14;71 1 7
24 15 0 s 9 3 100
24 14 0 m5 63 13 42;6 -1 33;-57 8 25
24 14 0 m6 -58 9 48;13 -12 29;-76 17 14
24 14 0 m7 -33 6 34;35 7 21;11 -12 14;-52 10 14;-20 2 10
19 6 0 m1 36 6 50;18 14 23;50 9 23
22 10 0 m1 38 -10 71;-52 0 14;-9 2 10
22 10 0 m2 42 -7 30;54 -6 30;75 7 22;93 7 17
23 11 0 m1 36 1 45;13 5 45;-7 -3 9
25 14 1 s -42 4 84;4 1 10;29 5 6
29 12 0 m0 -54 0 70;-34 2 30
29 12 0 s -55 -1 100
33 12 0 s 16 -0 100
36 11 1 m0 120 10 30;168 -0 30;-147 3 20;15 7 10;33 10 10
37 11 0 m1 147 0 33;120 2 17;-130 3 17;84 3 8;15 3 8
45 11 0 m2 138 4 50;102 10 43;130 31 7
44 12 0 m3 147 27 47;161 26 24;-168 7 18;128 13 12
43 13 0 m3 145 24 53;161 8 37;-153 7 10
39 4 0 m5 -166 -1 70;175 -2 20;-125 17 10
35 5 0 m3 -167 6 60;153 11 33;163 8 7
34 5 0 s -173 5 94
34 4 0 m5 -170 3 41;150 2 29;-109 3 12;-130 7 12;132 4 6
34 4 0 m7 -90 8 33;-169 2 25;-38 10 17;-95 7 17;52 0 8
34 5 0 m2 -167 2 92;-155 0 8
32 2 0 m6 -142 4 59;-163 4 18;-77 5 12;-91 6 6;-130 12 6
41 3 0 m4 149 6 56;-179 2 25;161 2 19
40 3 0 m4 -173 0 45;146 -1 26;-148 8 13;160 -13 11;33 3 5
31 2 0 m7 -36 12 36;-132 18 18;-148 10 18;-2 6 18;-66 12 9
32 1 0 m6 -171 8 55;-150 11 18;176 -1 9;18 8 9;38 10 9
31 2 0 m3 166 6 69;11 6 12;155 0 6;-177 6 6;30 5 6
31 2 0 m4 -171 9 59;174 4 18;141 8 10;119 8 8;111 11 5
30 2 0 m5 161 1 20;-104 13 20;-62 9 10;-89 10 10;-125 14 10
30 2 0 s 142 0 32;15 3 25;-17 5 16;81 4 9;90 2 7
18 0 0 m4 145 22 43;87 11 21;163 19 10;100 15 8;-152 18 7
17 0 0 m4 140 23 38;166 19 38;125 33 25
17 1 0 m3 126 45 55;106 39 25;144 43 15
16 1 0 m3 106 40 78;118 41 17;84 11 6
16 2 0 m2 104 65 43;85 14 39;117 62 18
16 3 0 m2 102 37 64;87 13 16;118 57 13;59 20 7
18 9 0 s -4 -0 92
18 10 0 m1 36 -14 47;63 -1 18;72 4 18;-13 0 12;0 1 6
20 13 0 s 26 0 53;-3 1 33;14 5 14
20 12 0 m6 8 2 42;-37 7 26;-13 6 21;23 1 5;-51 5 5
20 13 0 m1 14 3 58;26 10 42
29 17 0 m0 -8 9 75;1 8 25
48 7 0 m1 82 11 57;57 13 22;36 6 9;165 4 9
49 8 1 m2 124 10 33;150 11 20;103 15 20;171 2 17;89 15 10
48 8 1 s -165 1 98
48 9 1 s -167 2 100
48 10 0 m2 81 31 52;106 15 22;121 17 13;146 7 9
47 10 0 m3 143 21 42;126 35 39;171 10 8;-173 5 6;105 62 6
46 11 0 s -160 0 57;-155 0 43
46 10 0 m4 -172 0 46;152 22 38;172 33 15
46 10 0 s -161 0 87;-156 0 13
46 11 0 m3 142 38 47;163 25 26;-165 1 21;125 54 5
44 16 0 s -177 0 51;176 0 42;-145 2 7
42 14 0 m3 146 10 71;159 0 14;-146 11 14
42 14 0 m4 173 2 60;-176 4 20;155 1 10;-135 9 10
41 15 0 m3 166 3 60;152 14 20;-168 1 20
39 16 0 m3 166 10 92;155 13 8
38 16 0 m4 173 6 43;-152 1 43;-178 11 14
38 16 0 m3 170 8 100
37 17 0 m4 174 11 79;-179 1 21
36 17 0 m4 176 16 53;-177 2 47
35 17 0 m4 177 13 59;-178 8 41
35 17 0 m3 -173 14 54;172 9 23;154 17 23
34 17 0 m4 -173 6 69;177 10 25;-156 8 6
34 18 0 m3 173 20 67;-171 30 33
33 18 0 m4 175 26 41;-168 19 41;-141 4 9;-127 4 9
25 6 0 s -11 0 68;1 0 23;99 3 5
25 6 0 m2 61 4 55;73 2 27;100 3 9;37 3 9
25 7 0 m2 64 4 42;77 2 33;97 3 25
25 9 0 m2 78 7 60;66 2 20;-28 4 20
18 2 0 m2 72 8 71;101 16 21
45 4 0 m5 -123 6 79;-149 13 15;176 1 6
44 2 0 m5 -145 9 33;-162 -1 33;-127 11 22;176 9 11
39 3 0 m4 151 -12 41;168 -3 35;-131 10 8;-139 6 6
39 2 0 m0 5 12 83;111 0 8;123 0 8
43 5 0 m0 -172 1 57;59 8 14;169 -41 14;91 4 7;144 6 7
44 6 0 m1 29 2 64;21 1 14;173 8 14;47 8 7
46 8 0 m2 169 5 39;-171 1 33;151 5 15;121 12 6
45 8 0 m3 151 6 46;166 7 32;120 17 11;-175 12 7
44 9 0 m3 144 24 47;121 64 25;164 9 22
43 10 0 m3 128 84 40;164 8 31;146 38 29
42 11 0 m4 173 7 63;-168 4 37
41 11 0 m4 -171 1 68;171 5 26;-157 1 6
40 11 0 m4 -171 -15 52;173 -4 48
40 11 0 m3 153 -7 57;166 0 27;133 9 7;-151 0 5
39 11 0 m4 174 -18 69;-172 -2 26
38 11 0 m4 171 -4 68;-177 2 18;-142 7 14
37 12 0 m4 -168 -15 70;175 3 30
36 11 0 m4 167 -2 68;155 3 17;-173 1 15
36 11 0 m5 151 2 33;159 1 24;-176 2 19;-131 1 19
35 11 1 s 167 1 48;154 0 23;-172 3 16;-152 2 13
36 11 1 s 166 1 94
36 11 0 m0 165 2 46;151 2 35;-172 2 8;-144 2 8
36 11 0 s 164 1 58;148 2 27;-127 1 6;-145 1 5
44 6 0 s 173 -1 94
43 6 0 m2 148 6 60;126 8 22;100 -3 12;174 0 6
42 6 0 m5 145 2 42;-122 -14 17;125 3 8;97 4 8;79 6 8
42 6 0 m1 124 4 44;103 5 25;149 2 19;51 6 12
44 8 0 m2 104 16 62;83 8 19;117 39 19
43 10 0 m2 147 11 45;129 8 36;167 12 18
47 13 0 m2 100 26 54;115 16 31;75 15 15
47 14 0 m2 119 15 61;86 15 22;108 12 17
47 15 0 m2 123 14 38;143 11 38;99 14 19;89 14 6
46 16 0 m3 165 8 53;-173 11 27;146 16 13;129 12 7
35 15 0 m5 147 3 33;167 -4 29;130 4 10;-151 -6 10;-128 13 10
48 7 0 m4 167 5 41;141 -0 24;-151 1 18;-176 4 18
44 6 0 m0 12 3 70;155 0 10;93 8 10;174 7 10
45 6 0 m0 -38 9 54;28 12 23;15 7 15;165 -2 8
45 7 0 m0 27 7 45;84 10 18;155 13 9;158 11 9;12 9 9
45 8 0 m4 -169 5 84;-156 0 5;169 23 5
44 8 0 m4 -169 4 100
41 11 0 m3 -171 0 46;170 5 29;151 -22 12;128 10 8
37 11 0 m4 170 -0 52;-134 2 24;-178 2 16;-136 6 8
37 11 0 m5 -133 1 38;171 -2 33;-176 7 19;-150 11 10
36 11 0 m3 148 2 44;164 1 39;-173 2 14
36 11 0 m1 165 1 36;148 3 36;-128 4 14;-179 3 9
36 11 0 m2 164 2 38;149 4 33;84 16 12
16 0 0 m3 102 18 67;80 18 33
15 5 0 m3 111 84 60;80 15 40
15 5 0 m2 77 13 54;58 13 24;118 83 9;40 14 7;101 60 7
15 6 0 m2 76 12 37;55 13 33;32 8 12;105 85 12
15 7 0 m2 56 11 32;43 8 24;74 17 24;98 74 16
15 8 0 m2 40 10 45;54 10 21;93 65 17;83 23 10;11 2 7
15 9 0 m2 35 6 38;55 8 29;84 12 25
16 9 0 m1 32 -8 83;11 1 12
19 12 0 m0 16 6 91;23 -16 9
24 13 0 m6 -35 9 40;-56 15 30;-12 7 20;-76 17 10
25 11 0 m7 15 3 62;49 2 31;-53 0 8
26 9 0 m7 -31 0 36;-58 6 29;-8 6 29;44 0 7
26 9 0 m6 -32 4 64;-59 7 36
24 11 0 m3 108 9 40;127 14 30;-166 10 20;160 9 10
44 7 0 m3 120 7 31;-156 -12 23;101 5 23;143 10 15;160 8 8
43 7 0 m3 147 12 55;163 6 41
42 9 0 m3 170 4 45;121 12 27;156 1 9;-178 8 9;107 85 9
42 9 0 m2 101 24 43;74 7 29;124 10 18;146 12 7
42 10 0 m2 96 85 45;149 8 18;158 1 18;-163 11 18
42 10 0 m3 163 3 80;-162 10 20
36 11 0 m7 165 2 38;154 3 31;-101 19 21;-154 3 7
37 11 0 s 168 -1 44;-149 0 30;-129 1 25
37 11 0 m2 107 8 39;166 1 29;154 -0 25
37 12 0 m2 169 0 67;145 7 13;119 10 13;111 9 7
36 12 0 m2 127 8 53;146 8 29;111 8 12;175 1 6
36 12 0 s 18 32 81;172 2 9;53 23 6
36 13 0 m2 126 9 54;164 6 15;-175 0 15;150 5 15
36 13 0 m3 129 4 29;-169 0 29;170 6 25;153 7 8
36 13 0 s -173 0 83;130 -2 13
36 12 0 m7 -93 19 46;-89 18 31;175 1 23
37 11 0 m6 -131 3 89;-141 2 7
37 11 0 m3 167 3 48;-133 1 26;-175 2 11;155 3 11
36 11 0 m6 152 3 30;162 -5 26;-131 2 22;-105 19 17
37 10 0 m6 -109 19 67;-172 2 17;-134 2 8;-145 2 8
37 10 0 m4 165 -2 65;-166 -28 30;-134 2 5
37 10 0 m3 170 1 45;-173 -12 24;156 2 24;-134 2 7
47 7 0 m5 -98 2 18;118 9 18;152 2 18;90 17 9;-177 -1 9
47 6 0 m0 148 -8 40;169 -12 30;58 6 20;90 0 10
47 6 0 m7 165 -8 29;117 13 29;75 8 14;48 2 7;36 11 7
47 6 0 m3 121 4 43;140 8 29;171 -36 7;101 0 7;88 12 7
46 6 0 m4 168 -7 80;-170 -22 20
46 8 0 s -168 1 94
42 7 0 m2 149 6 52;164 -0 30;83 13 7;92 10 7
42 8 0 m3 167 8 44;121 30 25;144 12 16;-168 -17 9
41 9 0 m3 141 14 61;167 6 17;120 20 17
41 10 0 m3 145 -1 48;163 4 27;-171 9 15;127 16 9
40 10 0 m4 172 10 83;-167 -1 17
39 10 0 m4 168 6 50;-177 5 40;156 21 10
38 10 0 m4 168 -1 67;-175 -9 33
38 10 0 m3 168 3 64;-176 -24 20;154 1 16
36 10 0 m4 159 4 48;-172 2 38;150 -2 14
36 10 0 m3 -170 2 40;146 1 30;174 4 30
36 14 0 m3 145 7 58;-143 4 18;125 10 15;168 2 6
35 14 0 m3 150 3 36;-142 1 29;129 8 25;-130 1 11
33 17 1 m3 -134 2 33;-104 3 25;166 17 17;-137 2 17;-176 8 8
28 14 0 s -144 5 100
38 12 0 m4 -174 3 50;176 2 50
35 14 0 s -127 0 85
35 15 0 m1 150 3 68;-116 5 13;132 7 10;98 7 6
35 15 0 s 164 -3 46;-173 -29 25;-120 -15 13;-75 4 8
35 15 0 m6 164 -0 58;-119 7 16;150 3 8;-174 -25 8;-73 10 8
34 15 0 m6 -167 0 42;-99 9 31;-73 18 15;168 5 8
35 15 0 m2 165 5 42;152 5 32;131 7 16;106 9 5;-117 -26 5
35 16 0 m2 -169 3 38;123 14 38;146 16 12;159 18 6;106 9 6
35 16 0 s -173 2 100
23 0 0 m1 29 3 65;18 4 30
24 1 0 m0 13 -5 70;55 3 15;-54 14 6
24 0 0 m0 10 1 54;-11 8 30;-33 7 11
24 0 0 m7 -36 5 33;-60 14 27;-8 11 19;13 -5 10;-70 13 6
25 0 0 m7 -32 5 36;-15 8 27;10 1 14;-70 12 9;-56 9 9
32 0 0 s 174 0 70;50 -3 24
35 3 0 m1 124 0 31;-7 -1 31;-37 -1 19;109 0 6;146 1 6
37 3 0 s 75 4 29;125 7 20;103 9 17;141 -2 16;167 -0 11
34 2 0 m4 140 6 50;163 -10 44;133 7 6
34 3 0 m3 -119 9 29;-170 13 25;-148 12 21;172 13 12;-108 9 9
33 3 0 m6 -100 9 61;-83 11 17;-34 8 11;-116 2 6;-17 10 6
33 2 0 m7 -148 9 61;-165 4 26;-130 8 9
34 2 0 m6 -168 5 80;126 14 10;-151 5 5;-87 4 5
34 1 0 m6 -171 3 48;-125 0 16;165 4 12;101 6 12;124 14 8
34 1 0 m5 -149 2 38;-167 8 23;146 -2 23;169 5 8;114 7 8
33 1 0 m5 -166 6 56;167 5 25;155 5 8;-150 7 8
33 1 0 m3 151 5 25;69 3 25;170 17 19;55 8 12;-176 5 6
33 1 0 m4 -170 6 45;147 3 40;176 13 12
32 1 0 m4 -172 6 43;125 5 24;102 10 8;78 9 8;144 8 8
32 1 0 m3 73 6 43;124 9 31;100 7 12;145 1 10
32 1 0 s 128 0 51;141 4 26;61 4 17
31 1 0 m5 -173 2 50;123 0 21;179 2 14;-148 14 11
31 1 0 s -169 2 83;179 2 13
24 1 0 m1 14 -4 62;27 1 32
27 -1 0 m1 15 -27 52;31 -0 38;52 1 7
41 1 0 m4 -176 -21 66;170 -16 34
40 1 0 m4 -174 -10 57;170 1 35;147 4 7
40 1 0 m5 -176 -13 34;176 -1 26;150 4 26;-137 4 15
39 1 0 m5 -143 4 30;172 2 25;-167 -4 20;150 3 18;-123 11 8
39 0 0 m5 147 5 56;-139 3 22;174 -0 17;130 11 6
36 1 0 m6 123 5 42;-173 2 27;144 2 12;170 2 12;-141 11 6
36 0 0 m6 116 3 53;141 3 20;163 1 13;-149 12 7;111 2 7
36 0 0 m7 120 3 60;142 2 20;108 2 20
37 0 0 m7 122 2 100
37 0 0 m0 126 0 100
37 0 0 s 122 0 88;141 3 12
37 0 0 m5 128 2 92;138 6 8
37 0 0 m4 147 3 92;123 0 8
36 1 0 m2 171 7 27;-172 3 22;145 6 20;115 1 20;105 0 9
36 0 0 s 124 1 59;138 4 25;100 4 13
37 0 0 m1 124 1 100
37 1 0 m1 129 0 78;140 2 16;167 7 7
37 1 0 m5 126 1 64;142 0 14;-172 1 7;169 3 7;-151 1 7
36 1 0 m5 119 2 38;-169 4 32;169 2 14;112 2 8;144 9 8
36 1 0 m0 123 2 40;-170 0 10;25 4 10;107 2 10;139 0 10
37 1 0 m6 126 2 45;171 1 24;146 3 18;-174 2 13
42 1 0 m4 175 -11 88;-177 -9 12
36 1 0 m4 -173 -9 41;166 8 26;150 14 22;118 2 11
36 1 0 m1 124 2 62;144 6 29
37 1 0 m0 125 3 41;111 4 29;-31 11 18;-18 8 12
35 2 0 m3 144 11 67;-178 6 13;128 15 10;100 3 5;161 18 5
33 2 0 s -168 1 56;-150 4 18;-124 5 8;60 -2 6
33 2 0 m4 -87 -1 30;-164 2 30;16 2 20;-103 -13 10;-123 13 10
33 2 0 m3 -165 0 27;58 6 18;15 5 18;-153 5 18;-101 -12 9
32 1 0 m5 -172 5 71;150 3 14;-145 15 10
32 0 0 m5 -178 3 38;149 5 31;175 2 23;134 5 8
32 0 0 m4 170 2 53;70 6 24;117 4 6;112 5 6;157 3 6
31 0 0 m4 169 1 56;153 3 33;93 6 6;26 8 6
31 0 0 m3 168 1 92;155 11 8
31 1 0 m3 174 3 80;-179 2 20
30 1 0 m4 -171 9 42;177 3 27;-153 6 23;11 6 8
30 1 0 m5 -169 4 45;168 2 39;126 2 13
30 0 0 m5 125 4 45;-166 1 35;151 3 16
30 0 0 s 123 4 52;168 4 29;26 1 13;141 3 7
35 3 0 m2 107 4 58;-169 11 21;113 1 16;142 24 5
25 1 0 m0 11 -13 77;-5 1 17;27 -9 6
29 0 0 m6 26 1 47;17 2 29;-4 3 24
33 0 0 m1 71 5 75;61 10 19;112 15 6
28 1 0 m7 -31 6 54;-11 -4 23;7 -0 15;30 14 8
30 1 0 m7 -10 3 39;7 3 33;-36 9 28
31 1 0 m7 62 10 38;-8 9 23;-30 11 23;69 10 8;9 3 8
33 3 0 s 112 6 30;-14 -2 22;-96 6 20;139 5 10;-24 -0 8
34 3 0 m7 -103 5 62;-122 7 9;-76 4 9;-37 5 7;-59 5 7
34 2 0 m7 -30 11 20;-21 6 20;-101 9 20;-47 1 10;8 1 10
35 2 0 m7 -102 7 57;12 2 19;-16 11 14
35 2 0 m2 145 14 58;104 3 16;161 18 11;114 4 11;85 9 5
36 2 0 s 86 4 57;128 0 22;-96 71 7;18 2 7;31 6 6
36 1 0 m7 145 2 50;172 -1 30;133 7 10;29 3 10
44 5 0 m4 -167 -7 69;174 -27 31
38 3 0 m4 167 -18 63;149 -12 28;124 13 5
37 3 0 m4 168 -9 56;151 -32 31;-175 5 6;-140 -7 6
37 4 0 m1 101 6 52;123 6 43
38 4 0 m2 174 6 39;147 7 33;127 10 17;-171 -19 11
36 5 0 m4 -169 3 89;176 5 6;156 11 6
32 7 0 m3 170 2 42;-127 8 33;114 1 8;-137 1 8;-173 2 8
32 7 0 m4 -123 9 50;168 6 36;-140 9 14
32 7 0 m2 146 2 46;-151 5 23;160 2 15;121 0 8;-120 4 8
32 7 0 s 143 0 43;127 0 24;165 1 16;-124 2 12
32 8 0 m3 166 9 36;-171 6 27;149 11 18;-134 2 18
28 10 0 s 96 -0 69;81 0 19
28 11 0 m2 119 5 57;107 8 36;148 3 7
27 12 0 s -176 1 53;165 3 35;157 3 12
27 11 0 m6 -83 -2 92;-91 -8 8
27 11 0 s -81 2 79;-62 0 21
28 10 0 m6 -84 -0 67;-94 3 17;-165 4 11;-130 3 6
28 9 0 m6 -97 1 31;-90 -1 31;-162 3 23;-155 -2 8;-128 -3 8
28 8 0 m5 -169 3 36;-126 3 21;154 5 21;-148 5 7;168 6 7
27 8 0 m4 -171 6 38;170 5 28;-22 9 10;-149 14 7;-103 4 7
27 7 0 m5 -81 6 36;-106 4 29;110 3 29;113 3 7
27 6 0 m6 -145 5 43;-160 7 29;169 4 14;-105 4 7;-120 5 7
27 6 0 s -109 4 48;-141 4 19;-126 5 17;-164 5 10
39 3 0 m5 -123 16 45;-138 6 30;138 1 15;168 -6 5;-162 13 5
37 4 0 s 163 -2 40;145 1 24;128 4 24;103 4 10
37 5 0 m3 149 4 67;-171 2 19;167 8 14
35 5 0 s 177 1 94;-158 4 6
38 3 0 m5 169 -4 59;-169 8 32
38 2 0 m5 -170 7 40;173 6 30;137 1 20;82 10 10
34 0 0 s 104 7 62;159 -73 19;156 -73 10;115 8 6
35 0 0 s 166 17 100
35 1 0 m2 129 14 47;174 18 33;137 16 13;-179 11 7
34 3 0 m5 -121 12 60;-147 14 35;-102 11 5
31 1 0 m4 -171 6 55;123 0 24;-148 7 16
32 1 0 m2 165 7 25;118 3 25;105 10 25;80 7 12;59 8 12
32 2 0 s 169 4 60;38 10 34
30 1 0 s 78 1 43;15 4 18;-172 2 15;30 5 10;144 1 6
29 1 0 m4 108 3 35;173 11 35;116 4 12;-173 4 12;87 9 6
25 1 0 m1 11 1 69;24 -0 31
20 -3 0 m0 13 5 50;35 4 17;-10 11 17;-26 10 11;57 4 6
21 -3 0 m0 36 5 58;58 0 33;71 4 8
23 1 0 s 24 -0 71;8 1 29
23 -1 0 s 34 3 80;80 7 11;56 4 6
22 0 0 s 26 1 89;21 -0 11
23 1 0 m1 27 0 67;15 -5 25;47 4 8
24 1 0 m2 25 0 69;20 0 31
24 2 0 m2 25 -5 55;74 2 45
49 8 0 m2 147 12 33;166 9 25;105 16 17;126 14 17;-173 1 8
38 3 0 s -169 6 35;172 -3 35;149 -13 29
33 4 0 s -86 9 44;-168 -0 35;-98 13 17
34 3 0 m6 -109 4 43;-114 6 43;-56 5 7;103 15 7
31 0 0 s 121 6 45;105 6 42;26 8 12
28 0 0 m5 -156 4 31;172 15 19;-172 12 19;21 -41 19;30 -16 12
25 -1 0 m4 -156 4 25;-170 4 25;109 2 17;165 5 17;66 1 8
24 -2 0 s 160 11 55;122 12 39;147 11 6
22 1 0 s 23 0 77;22 0 23
22 -1 0 m5 30 5 83;-154 7 8;-124 6 8
23 -1 0 m6 -32 1 60;25 4 40
46 3 0 s -175 -0 85;178 1 15
45 3 0 m4 -175 3 60;140 24 20;-134 5 10;179 1 10
46 2 0 m2 171 8 50;-169 11 25;144 9 12;122 10 12
46 2 0 m4 -176 1 50;169 16 40;-136 8 10
45 2 0 m3 166 11 93;-166 16 7
44 3 0 m4 -169 8 50;-145 13 28;171 4 22
43 2 0 m2 118 9 42;96 4 33;72 10 17;63 10 8
43 3 0 m2 121 7 35;171 -10 26;150 2 17;106 5 13
43 4 0 m2 120 8 35;102 9 35;174 -19 12;87 11 12;-173 0 6
44 4 0 s 149 10 60;116 7 13;-171 10 13;109 7 7;160 20 7
44 5 0 m3 138 5 33;-167 -4 33;172 14 22;133 4 11
43 5 0 m3 -167 1 40;145 13 20;-107 20 13;-130 11 13;158 18 7
42 8 0 m2 146 5 29;124 4 29;162 3 29;103 13 12
41 8 0 m3 170 7 41;150 14 32;-168 -16 26
32 2 0 m5 -144 7 73;-158 5 18;163 7 9
30 2 0 m4 -171 11 30;78 4 23;171 14 9;102 6 9;-131 13 7
30 2 0 m3 146 11 45;73 4 25;50 7 10;-160 18 10;174 4 5
28 2 0 m5 -61 29 80;-83 23 20
27 1 0 s -158 12 100
32 4 0 s 169 2 33;-173 2 20;144 4 12;16 2 11;31 2 10
17 -1 0 m4 120 20 50;146 26 30;106 18 20
16 1 0 m2 86 12 50;105 72 35;117 42 15
15 4 0 m3 106 54 40;119 47 36;79 13 24
15 6 0 m3 81 34 43;24 7 29;109 83 29
14 7 0 m2 63 11 33;107 81 33;117 82 20;29 10 13
14 8 0 m2 19 5 28;61 19 24;74 29 24;26 12 10;102 82 7
14 9 0 m2 62 4 32;-1 2 32;72 9 16;36 23 12;11 6 8
14 10 0 m2 57 8 100
15 11 0 m1 47 5 71;38 8 14;19 6 14
16 12 0 m1 19 1 53;40 4 47
16 12 0 m2 31 8 100
17 13 0 m2 38 13 64;45 15 36
17 13 0 m1 13 1 74;26 4 26
17 13 0 s 11 0 90;34 12 10
17 14 0 m1 13 -0 72;33 9 25
18 14 0 m1 32 11 63;13 0 37
18 15 0 m1 10 0 68;28 12 32
19 15 0 m1 13 2 73;28 12 27
19 16 0 m1 11 1 100
20 16 0 m1 11 3 84;25 14 16
21 16 0 m1 14 7 90;-2 0 10
22 17 0 m0 11 6 65;-3 -6 35
24 18 0 m0 4 12 73;-3 8 27
26 18 0 m0 5 7 69;-10 14 31
15 4 0 m2 75 19 42;55 13 25;102 49 17;118 83 17
17 10 0 m1 29 -34 64;-9 1 32
17 11 0 m2 55 1 52;33 1 43
17 12 0 m2 50 11 47;15 2 47;27 2 7
21 17 0 m1 13 10 73;-3 1 27
25 18 0 m0 8 17 67;-7 13 33
29 1 0 s 75 0 51;94 2 27;9 1 21
29 2 0 m2 75 9 50;13 10 19;48 16 12;-21 4 6;168 23 6
30 2 0 m0 -9 6 50;86 2 20;5 6 20;30 5 10
30 2 0 m7 -12 5 25;80 4 19;-34 4 19;-57 12 12;4 5 12
30 2 0 m6 -37 8 36;-110 1 14;-13 3 14;81 1 11;-77 3 11
33 0 0 s 101 10 85;70 6 10;61 10 5
45 2 0 s 173 2 53;105 12 26;-138 7 5;-159 5 5;118 14 5
45 2 0 m2 126 7 54;165 9 23;108 14 15;147 10 8
43 1 0 m5 -170 3 72;174 3 28
42 0 0 m6 170 1 65;-175 6 12;-147 0 12;152 0 12
34 3 0 s -116 2 51;-110 0 44
41 -1 0 m5 168 5 64;146 0 36
36 1 1 m3 147 6 40;163 14 30;126 3 30
36 3 0 m1 -37 3 60;-16 5 20;132 7 10;145 5 10
17 0 0 m3 106 43 58;143 52 12;118 51 12;82 17 9;58 16 9
17 0 0 m2 18 6 40;25 8 20;119 30 20;61 22 10;72 24 10
17 1 0 m2 104 59 62;61 10 23;85 23 8;118 85 8
16 2 0 m3 120 44 60;104 22 32;150 62 8
18 14 0 s 13 -0 100
25 -1 0 s 106 0 89;59 2 10
25 0 0 s 30 4 41;14 -1 38;-5 2 16;65 0 6
43 5 1 m4 -164 -43 57;174 -39 43
42 4 0 m6 -95 6 46;-82 7 15;-63 8 15;-160 -27 15;-142 -22 8
43 1 0 m6 -145 1 36;-80 5 27;-167 1 18;-99 4 18
34 2 1 s 100 5 79;119 40 21
34 2 0 m1 105 3 69;130 9 15;32 16 8;148 6 8
34 2 0 m2 141 9 43;163 9 23;122 15 20;104 4 13
38 0 0 m5 169 -3 28;125 2 28;147 5 16;-142 -4 16;-126 10 6
38 0 0 m6 163 1 36;151 3 29;106 5 14;-102 9 14;-119 10 7
38 0 0 m1 149 2 32;105 5 21;123 6 18;58 10 14;162 3 11
34 1 1 s 96 8 99
34 1 0 m1 86 7 50;101 8 40;41 12 5;14 17 5
40 2 0 m0 2 11 58;120 6 17;44 9 8;88 7 8;110 6 8
43 7 0 m4 -168 -9 95;150 5 5
42 8 0 m4 -165 -15 100
41 8 0 m4 -165 -5 93
40 8 0 m4 -164 -4 96
39 8 0 m4 -162 -5 83;-156 -4 17
35 15 0 m0 -166 -3 35;-120 3 26;-109 4 23;167 5 13
36 14 0 s -130 0 91;-165 -1 5
40 2 0 m5 -122 2 50;178 6 43;-137 2 7
38 0 0 m0 105 5 55;27 11 27;132 2 18
41 7 0 s -165 0 70;-147 1 30
41 10 0 m2 149 -3 50;105 9 38;120 9 12
40 12 0 m3 153 6 48;160 0 24;133 9 14;110 8 10
39 12 0 m3 155 3 43;171 4 39;134 9 9;-154 2 9
39 13 0 m3 165 2 62;148 5 38
37 13 0 m4 -179 3 91;178 3 9
35 15 0 m7 -121 3 67;143 3 20;-82 5 13
35 14 0 m7 -124 4 60;-103 7 20;126 9 8;-154 0 8
34 16 0 s -173 2 61;168 3 39
34 15 0 m7 -99 7 25;167 7 16;128 6 16;146 -0 16;-75 0 12
40 12 0 s 106 8 98
37 13 0 m3 147 5 73;-170 -20 20;162 5 7
36 15 0 m3 -162 -4 50;152 5 30;158 8 10;-154 -10 10
18 5 0 m2 47 6 31;16 1 31;80 1 23;36 4 15
20 10 0 m0 12 7 53;-4 1 47
21 9 0 m0 5 4 62;-7 1 38
30 1 0 m6 -166 4 36;-52 8 18;-32 4 18;-131 3 9;-157 5 9
49 8 1 s -171 1 97
48 11 0 m2 82 35 56;101 26 44
48 12 0 m2 102 27 64;84 53 36
47 7 0 m1 85 7 50;56 12 20;125 8 20;97 10 10
49 8 0 s -170 1 99
43 8 0 m4 -169 -8 94;143 33 6
36 7 0 m3 153 9 50;168 3 50
35 8 0 m3 167 10 36;153 9 27;117 4 27;-171 1 9
33 9 0 s -146 0 76;-163 1 24
31 8 0 m4 -128 3 57;-144 4 43
31 8 0 s -102 0 100
17 0 0 s 15 -0 100
18 4 0 m1 60 11 62;12 2 31;68 15 8
26 10 0 m1 68 2 50;19 3 29;38 4 21
26 10 0 m2 57 5 63;70 5 37
26 11 0 m2 57 4 61;35 5 29;69 3 11
26 12 0 s 4 0 100
18 6 0 m1 31 1 56;22 13 22;-5 -4 22
25 7 0 m1 37 7 36;61 3 36;95 0 21;-12 8 7
26 9 0 m2 78 3 62;57 7 19;133 7 12;43 10 6
26 10 0 s 16 2 97
27 10 0 s 15 1 57;-12 1 42
26 8 0 s 172 4 91;-25 -0 9
47 10 0 m2 101 47 46;125 27 29;146 8 17
47 11 0 m2 101 47 65;121 16 25;88 75 5;171 2 5
47 12 0 m2 100 45 64;123 14 18;136 12 14
46 16 0 s -176 -0 59;176 0 41
42 16 0 m4 -166 4 100
41 16 0 m4 -165 3 100
40 16 0 m4 -171 8 100
39 16 0 m4 -176 9 73;171 5 27
33 15 0 m5 -145 14 43;-99 7 29;6 1 29
34 13 0 m7 -64 7 57;-78 7 43
35 12 0 m7 -64 7 53;-80 15 40;-134 3 7
36 8 0 m6 -110 14 50;-117 12 50
36 7 0 m6 -121 12 100
36 6 0 s -132 12 93;-162 1 7
29 18 0 s -140 5 50;-134 4 50
18 1 0 s 16 -0 81;24 1 16
17 2 0 m2 103 66 58;61 12 25;117 9 17
26 9 0 m0 -11 -2 78;-27 4 22
27 9 0 s 10 4 63;36 4 20;-13 0 9
27 8 0 s -32 1 72;-21 1 27
47 8 0 m5 -169 0 45;-131 12 36;-152 1 18
49 10 0 s -166 -0 95;-147 12 5
49 11 0 s -167 1 85;-154 -2 15
45 11 0 m4 -160 7 50;167 21 29;149 61 21
24 13 0 m2 79 7 60;33 -7 20;55 7 10;1 9 10
21 -3 0 m1 37 11 62;58 1 31;71 4 6
22 -1 0 m3 34 1 75;53 6 17;-12 5 8
35 7 0 m3 171 4 40;119 4 40;-173 1 20
33 7 0 m4 -147 11 50;-178 4 40;173 5 10
38 4 0 s 170 -0 59;146 2 27;129 -0 7;-170 -16 7
21 7 0 m0 13 3 86;-179 1 14
21 7 0 s 17 4 33;-179 -0 23;-101 1 15;-125 4 8;179 1 8
21 7 0 m4 -129 6 25;73 -1 25;-179 -1 25;-136 7 8;63 0 8
20 6 0 s -8 -1 71;-26 1 8;61 2 8;95 2 8
23 10 0 m6 -51 0 50;-35 0 25;-19 1 25
45 -2 1 s 141 4 80;129 1 20
43 5 0 m2 125 7 32;102 8 24;148 4 13;176 4 13;-172 0 8
39 13 0 s 152 0 100
40 9 0 m4 173 6 62;-176 7 31;-145 11 6
40 9 0 m3 165 4 57;145 21 29;-152 12 7;134 28 7
43 6 0 m0 168 -15 43;151 1 29;-139 5 14
43 5 0 s -173 1 63;145 6 19
42 5 0 m3 -148 3 41;170 4 24;-167 5 18;143 5 12;-103 20 6
42 5 0 m4 -167 -31 62;-100 21 8;-156 -34 8;-126 -19 8;177 -27 8
43 6 0 m1 146 4 86;2 3 7
24 13 0 s -58 14 58;58 15 25;16 13 8;-43 10 8
31 17 0 s -145 17 91;-158 16 9
41 14 0 m0 176 -34 75;-105 7 25
20 10 0 s 18 0 32;39 -1 28;46 -2 20;-15 -1 12;-31 -2 8
25 7 0 m7 -59 10 60;-28 6 40
18 12 0 s 18 -0 74;27 -0 18
18 11 0 m6 -48 13 60;-38 15 40
18 10 0 m7 -11 6 80;6 5 13;-24 11 7
29 2 0 s 100 -0 60;83 0 33
29 2 0 m4 -145 9 38;-129 9 31;-171 17 15;-109 4 8;73 5 8
31 7 0 m2 90 17 100
31 8 0 m2 141 6 40;100 18 20;133 11 20;172 6 20
31 10 0 m1 87 12 57;92 12 43
31 10 0 s 167 5 46;125 -0 23;108 6 15;147 1 15
31 11 0 s 74 14 100
36 1 1 s 125 2 60;143 5 32;163 -22 6
22 17 0 s 5 -13 80;-7 -15 20
23 17 0 s 3 -1 68;-8 -3 32
32 15 0 s -159 0 59;-144 1 24;-121 0 9
32 18 0 s -162 -0 75;-156 -3 25
28 1 0 s 55 2 44;95 -0 21;77 1 16;7 -2 10;-6 5 8
27 2 0 m0 16 -36 64;27 2 36
27 2 0 m1 16 -40 64;29 -0 36
25 0 0 m6 12 -2 64;-33 7 18;-3 2 9;27 2 9
35 4 0 m2 144 5 45;103 15 36;62 10 9;116 17 9
25 12 0 m3 26 4 90;78 7 10
24 15 0 m6 6 -0 50;-27 5 17;-9 9 17;-52 8 17
27 13 0 m1 4 4 79;-9 3 21
28 11 0 m6 -87 -5 75;-99 10 17;-116 13 8
28 10 0 m5 -106 2 40;-84 -7 33;-140 1 20;-122 2 7
35 17 0 s 177 1 79;-178 1 21
26 8 0 m4 -165 5 74;166 9 11;-152 4 11;102 11 5
29 17 0 s -10 -1 100
29 9 0 m5 -125 3 57;-104 2 14;-150 0 14;-158 1 14
24 11 0 s 124 -2 52;144 -1 22;-72 1 9;-61 -0 7
39 9 0 m3 170 5 56;140 2 20;-171 7 16;128 2 8
38 9 0 m3 174 3 60;143 1 20;-177 -5 20
35 11 1 m3 -167 4 64;171 5 36
35 11 1 m4 -169 -15 92;175 4 8
34 12 0 m3 164 4 93;119 3 7
30 12 0 m4 -177 -0 79;-144 -0 21
23 12 0 m4 -145 6 50;-106 6 38;-116 7 12
20 14 0 m3 -144 7 100
20 14 0 s -138 8 100
39 8 0 m3 -164 -3 40;171 6 33;145 4 13;124 6 13
20 1 0 m5 -93 7 46;-118 5 31;10 3 15;-42 5 8
31 4 0 m0 32 1 71;47 2 21;-1 0 8
32 5 0 m0 -5 0 100
28 8 0 s -118 3 50;-88 4 17;154 4 17;-149 3 8;-92 4 8
37 5 0 m4 -168 0 100
32 16 0 s -75 0 71;7 -1 12;31 -2 7;-8 -0 6
32 16 0 m5 -76 1 64;-59 1 18;-29 1 18
43 -1 0 m5 161 1 60;157 1 20;-126 4 20
41 -1 0 s 156 2 100
31 18 0 s -94 1 38;-71 5 38;-154 0 25
47 8 0 m6 -166 1 40;-117 7 30;-98 8 30
39 1 0 m1 143 0 30;60 9 30;95 10 20;87 -1 20
39 2 0 s 124 0 55;145 -5 35;171 1 10
39 1 0 s 145 0 79;163 -4 15
38 1 1 s 144 7 68;79 26 23
38 2 1 s 153 3 88;94 21 8
39 3 1 s 166 4 100
38 3 1 m4 169 6 100
36 4 1 s 168 3 100
40 -2 0 s 162 1 100
22 -2 0 s 83 7 66;97 14 21;66 8 14
22 11 0 m7 17 -1 64;-27 -3 29;-11 -3 7
20 14 0 m1 9 1 100
42 2 0 s 173 1 97
44 -1 0 m3 162 1 67;144 2 33
41 2 0 m2 128 4 55;143 4 45
41 3 0 s 144 3 100
30 2 0 m2 -12 6 50;74 1 28;61 1 11;16 7 6;-158 18 6
41 3 0 m7 144 7 100
24 1 0 s 19 0 78;23 0 22
24 7 0 s 29 1 100
25 6 0 m7 -28 4 60;-17 4 40
25 7 0 s -39 4 38;96 0 29;-69 7 19;32 1 14
26 7 0 s -66 4 92;96 -0 8
25 7 0 m5 -39 5 50;34 3 50
25 8 0 s 14 0 65;-9 0 26;-28 0 8
25 8 0 m6 -55 4 40;6 2 30;34 3 30
45 7 1 m4 -162 -23 100
43 7 0 s -173 0 100
37 12 0 s 177 1 73;-177 1 27
36 10 0 s -129 1 52;150 1 35;-147 0 13
34 13 0 m3 166 4 36;125 2 27;-168 5 18;100 3 18
33 13 0 s -135 4 100
47 7 0 m6 -85 5 25;-100 7 15;168 3 15;128 10 10;-170 1 10
26 5 0 s 128 -0 100
43 5 0 m1 -170 2 38;147 6 31;93 8 15;173 7 8;-142 7 8
42 4 0 s 175 0 85;-172 0 14
20 1 0 m0 17 1 75;29 0 25
21 1 0 s 31 -0 61;17 -0 39
20 2 0 s 12 -0 99
23 11 0 s 15 0 94;40 2 6
23 13 0 s -19 1 87;-25 2 13
33 15 0 s 4 1 77;104 9 19
43 12 0 s 86 7 100
45 8 1 s -167 1 100
35 10 0 s 139 2 100
45 6 0 s 165 -0 100
42 7 0 s -173 1 46;155 1 38;166 -21 15
41 10 0 s 162 0 37;-152 -0 37;-165 6 26
45 2 1 s 153 2 57;162 2 43
43 3 1 s 160 1 58;153 2 42
41 11 0 s -154 0 97
40 11 0 s -147 0 100
42 3 0 s -169 1 60;166 3 21;145 2 17
35 6 0 m2 -168 2 100
32 4 0 m1 4 1 35;38 1 29;47 1 29;-1 1 6
34 11 1 m1 -33 2 50;29 3 30;82 7 20
32 16 1 s 145 13 91
41 6 0 s -165 0 60;160 0 35;156 0 5
32 6 0 s -145 2 92;-158 1 8
30 11 0 s -100 0 82;-142 0 9;-161 -1 9
28 9 0 s -94 4 100
41 12 0 m3 129 54 60;-149 1 20;100 20 10;-179 0 10
30 16 0 s 175 11 98
41 12 0 s -143 0 95
44 9 0 m2 124 70 86;108 52 14
30 18 0 s -162 0 53;-151 1 47
33 18 0 s -102 -0 67;-141 3 25;-126 4 8
18 0 0 s 24 -2 92;21 0 8
15 10 0 m1 49 5 64;1 5 36
15 12 0 m1 -9 4 36;15 2 27;44 2 27;45 2 9
16 13 0 m1 15 0 69;38 2 31
20 16 0 s 6 0 95
35 12 0 s -145 1 100
