-3 -20 1 s 0 2 95
-3 -20 1 m0 3 9 55;32 7 18;49 7 11;79 4 10;-3 -3 6
-3 -19 1 m1 56 4 53;73 6 22;38 3 19
-3 -19 1 m2 76 -6 67;61 10 24;91 3 10
-3 -18 1 m2 81 1 64;94 2 31;65 7 5
-3 -17 1 m2 81 -5 58;93 6 35
-3 -17 1 s 76 2 78;94 5 9
-3 -17 2 s 8 24 40;80 7 32;53 14 14;36 19 14
-3 -17 2 m0 6 30 84;-1 18 16
-2 -16 2 m0 -8 29 78;3 31 13;-24 42 9
-2 -17 2 m0 -5 24 42;8 24 31;97 4 9;-26 39 8;82 8 8
-1 -17 2 m0 10 30 74;-5 33 18
0 -17 2 m0 97 6 42;28 24 17;12 30 17;83 12 12;60 17 8
0 -17 2 s 105 2 93
-1 -16 1 m3 100 -0 55;86 -8 32;118 -11 14
-2 -15 1 m2 79 -8 46;98 5 41;122 6 5
-2 -14 1 m3 99 4 57;121 6 22;83 -14 10;142 7 8
-2 -14 1 m4 169 14 32;84 -7 27;131 10 18;100 6 14;149 9 9
-3 -14 1 m3 81 3 55;101 2 23;63 1 15
-3 -13 1 m3 59 1 35;78 -8 26;96 2 23;121 10 14
-3 -13 1 m2 100 -0 52;81 -3 24;62 1 15;124 11 7
-3 -12 1 m2 100 7 43;82 4 30;59 3 16;122 22 5
-3 -12 1 m4 78 2 33;170 2 22;-165 4 15;62 1 11;144 5 7
-4 -12 1 m4 33 3 29;54 5 19;169 14 19;149 11 15;78 -4 8
-4 -12 1 s 39 -1 64;11 12 12;-9 11 9;55 8 5
-4 -12 1 m7 32 2 71;55 9 14;-17 19 7;10 4 7
-4 -12 1 m0 35 3 57;60 3 21;104 15 7
-3 -12 1 m0 77 4 47;55 6 21;95 3 9;35 4 6;-169 4 5
-3 -12 1 s 97 2 35;61 2 32;76 1 23
-3 -13 1 m0 78 2 45;58 4 45;98 3 9
-2 -12 1 m2 106 -17 62;119 2 17;81 -8 15
-2 -12 1 s 101 -0 65;82 0 20;0 17 5
-2 -12 1 m0 78 5 42;99 8 42;0 16 8;-14 17 8
-2 -12 2 s 96 12 48;123 10 26;84 4 24
-2 -12 2 m0 84 6 32;102 27 23;4 20 23;29 16 9
-2 -12 2 m3 128 9 68;141 10 32
-3 -11 2 m3 100 25 30;79 11 30;146 15 30;66 29 10
-3 -11 2 s 73 11 55;171 79 33;121 28 10
-3 -10 2 s 99 8 35;75 11 34;58 9 24;29 2 6
-1 -12 1 m0 85 1 50;107 3 29;55 10 8;-47 0 8
-1 -12 1 s 119 -4 57;85 -0 36;105 2 7
0 -12 1 m1 119 -2 62;88 1 31;94 1 6
0 -12 1 m0 87 2 41;92 -2 36;121 -4 18
0 -11 1 m2 82 6 55;95 0 29;123 -2 14
0 -11 1 s 125 -3 68;108 0 20;135 -5 9
0 -10 1 m2 77 3 74;95 -1 12;61 5 10
0 -9 1 m2 75 -9 28;56 3 26;36 -0 18;99 -1 16;149 -0 10
-1 -9 1 m2 101 -0 32;57 1 23;122 -3 21;148 -3 13;88 2 11
-1 -8 1 m2 101 1 52;129 1 22;148 -3 10;78 0 10;65 -1 5
-1 -8 1 m3 140 -4 83;98 3 11;134 0 6
-1 -7 1 m2 122 -1 59;144 -2 13;111 1 13;80 0 5;9 4 5
-1 -7 1 m3 128 4 79;142 -1 14;12 7 7
-1 -6 1 m3 141 4 72;132 7 14
-2 -6 1 m3 143 4 81;167 1 19
-3 -5 1 m3 127 5 47;141 -5 41;104 1 12
-3 -4 1 m2 5 1 42;142 -12 17;121 2 17;52 3 8;40 2 8
-3 -4 1 m3 123 5 44;144 2 41;-176 0 9
-3 -4 1 m4 127 4 36;-150 4 18;-130 4 18;-177 5 18;143 -11 9
-4 -4 1 m3 105 3 62;121 6 21;73 4 13
-4 -4 1 m4 102 3 32;123 2 22;-127 3 20;141 1 12;-97 4 6
-5 -4 1 m3 98 3 69;86 4 31
-5 -3 1 m3 57 3 26;96 3 23;33 2 21;79 3 13;16 2 10
-5 -3 1 m2 79 5 39;58 4 35;96 4 15;35 4 7
-5 -2 1 m1 80 4 47;56 5 24;151 10 12;41 5 6;9 4 6
-5 -2 1 m2 37 2 22;54 3 18;99 5 16;11 3 16;124 5 11
-4 -1 1 m1 11 4 38;30 3 33;60 6 14;-92 2 10
-4 -1 1 m2 146 5 20;172 -0 20;-94 3 20;20 8 13;60 5 13
-5 1 1 m3 -150 1 36;-174 0 29;-124 1 29;178 2 7
-5 2 1 m2 -127 -1 64;-152 3 18;-161 4 18
-6 2 1 m3 -165 4 38;-127 -5 38;-73 -31 15;-154 6 8
-6 2 1 m4 -147 4 36;-126 5 25;-82 -3 19;-160 7 11
-7 2 1 m4 -102 6 31;-128 1 25;-85 0 22;-144 0 19
-7 2 1 m5 -122 -1 54;-102 2 23;-33 5 10;-140 4 7
-7 2 1 m6 -102 5 40;-121 4 30;-83 7 21
-7 1 1 m6 -103 2 40;-84 7 31;-126 6 15;-141 3 6;-168 2 6
-8 1 1 m5 -104 6 41;-122 7 26;-150 3 20;-163 2 7;169 0 5
-8 1 1 m4 -101 5 28;173 -0 26;-153 7 15;-171 11 13;-116 6 10
-7 1 1 m5 -124 6 55;-149 1 23;-109 6 13;-167 9 6
-9 1 1 m4 174 3 27;-171 14 22;-151 13 17;-126 10 14;152 -8 6
-4 -18 1 s 2 0 79;31 5 12;-5 1 8
-4 -18 1 m0 6 4 67;31 4 16;54 3 11
-3 -18 1 m0 7 5 55;31 8 19;55 3 16;-4 6 6
-3 -18 1 m1 55 6 56;35 7 30;73 4 10
-3 -17 1 m1 75 4 38;34 8 28;57 7 23;18 4 7
-3 -17 2 m3 8 26 73;81 0 18;38 29 9
-3 -17 2 m4 8 25 100
-3 -16 2 m0 3 37 50;-4 28 50
-1 -16 2 m0 12 29 50;-2 30 30;46 24 10;86 17 10
-1 -16 1 m2 82 3 68;96 2 24;59 7 7
-1 -16 1 m1 56 7 59;77 1 28;39 6 9
-1 -15 1 m1 35 8 32;85 -10 26;53 10 24;94 -19 11;18 7 7
0 -15 1 m1 33 8 32;11 9 32;52 6 15;-9 11 11;80 -23 6
0 -15 1 m0 -12 8 50;8 6 19;-28 10 16;107 2 8
1 -15 1 m0 -14 7 46;-30 10 28;7 7 8;-54 9 6
1 -15 1 m7 -31 9 56;-16 5 32
2 -15 1 m7 -33 9 35;-13 9 21;-77 13 15;-54 11 7;101 -5 6
2 -16 1 m7 -13 6 52;-29 9 25;4 8 15
2 -16 1 s 98 11 22;57 13 16;-99 4 10;11 11 9;-7 5 8
2 -16 1 m0 10 8 55;-9 5 33;29 11 5
3 -16 1 m0 14 6 60;30 6 30;50 9 5
4 -16 1 m0 33 5 40;54 5 32;75 -1 14;16 2 13
4 -16 1 m1 56 3 43;76 -4 30;33 5 24
5 -15 1 m1 79 -5 81;61 4 9;95 -4 9
5 -15 1 m2 81 -9 90;94 -8 9
5 -15 1 s 81 1 96
4 -15 1 m4 80 -7 26;167 10 21;-170 7 15;-134 2 12;100 8 9
3 -16 1 m4 150 6 46;167 5 27;-166 3 9;128 10 7;-150 10 6
3 -16 1 m6 -101 11 25;-148 11 17;172 4 17;117 10 17;-54 13 8
3 -16 1 m7 13 9 46;36 8 35;-7 11 12
3 -16 1 s 145 10 47;164 23 23;123 10 7;97 10 7;-155 42 7
4 -15 1 s -134 2 76;77 0 5;-154 0 5;-167 0 5;47 0 5
4 -16 1 m7 75 -0 47;34 9 24;-9 3 12;54 4 12;12 4 6
4 -16 1 s 80 3 61;60 2 16;32 9 12;98 6 7
5 -16 1 s 81 -9 93;90 -2 7
5 -15 1 m0 83 1 79;90 -2 14;57 1 7
6 -15 1 m1 92 -2 55;87 -1 45
6 -15 1 m2 92 -0 77;78 -37 23
5 -14 1 m3 85 2 56;96 5 44
5 -14 1 m2 81 -13 86;94 -7 14
5 -13 1 m2 79 -16 81;94 1 10;59 -5 7
5 -12 1 m2 76 -19 75;59 0 11;33 4 6
5 -12 1 m3 108 8 32;116 -8 18;140 -49 18;77 -37 18;59 6 14
4 -12 1 m3 58 6 40;110 10 30;33 7 20;72 14 5;120 -24 5
4 -11 1 m3 35 9 33;53 9 12;124 -14 12;108 10 8;79 7 8
4 -11 1 s -10 19 43;-33 26 29;36 8 23;20 16 6
4 -11 1 m0 30 7 33;-11 9 33;19 7 25;47 3 8
5 -11 1 m0 59 3 48;73 4 22;34 9 17;-8 1 13
5 -11 1 m1 75 5 58;62 3 33;-10 9 9
5 -10 1 m2 81 -7 76;60 -1 17;92 3 7
6 -10 1 m2 84 -15 79;94 4 21
6 -9 1 m2 81 3 83;90 2 8
6 -8 1 m1 56 7 82;39 8 18
7 -8 1 m1 36 8 67;63 5 33
7 -7 1 m0 12 8 38;34 8 29;75 -4 14;-18 10 10;-38 7 10
8 -7 1 m0 29 8 70;79 -7 17;21 6 9
8 -7 1 m1 81 5 40;34 7 30;57 1 11;166 5 6
8 -7 1 m2 80 -24 33;58 -17 15;12 3 15;101 2 11;119 5 11
8 -7 1 m3 80 9 21;147 4 21;117 3 18;58 -6 16;169 4 13
8 -7 1 m4 175 3 32;145 3 23;36 6 14;81 1 9;20 7 9
8 -7 1 s 98 2 20;169 -1 16;83 3 12;10 7 11;-10 5 11
8 -7 1 m7 10 7 36;36 5 27;52 1 12;117 8 9;-8 8 6
8 -7 1 m6 56 2 31;170 -2 19;-8 8 8;31 2 8;144 5 8
9 -7 1 m0 58 5 52;36 6 26;82 3 22
9 -7 1 m1 79 9 55;55 12 27;36 21 10
10 -5 1 m1 77 5 50;63 6 33;97 2 8;127 5 8
10 -4 1 m2 -168 2 44;78 1 31;146 5 12;168 2 6;95 6 6
11 -4 1 m1 99 3 27;66 7 27;-164 5 18;131 -3 18;144 10 9
11 -3 1 m1 30 4 33;12 4 33;96 11 11;89 11 6;45 9 6
12 -3 1 m0 12 4 60;-11 5 19;26 5 13;-53 8 6
12 -3 1 m1 5 4 82;25 6 18
13 -2 1 m0 -35 2 56;-8 6 19;-59 -1 12;0 7 6;-71 -1 6
12 -3 1 m4 -172 7 35;168 3 30;-131 2 20;-139 3 15
11 -3 1 m4 -120 2 33;127 1 22;140 6 17;-106 3 11;166 4 6
10 -3 1 m4 127 2 47;96 7 20;-105 1 20;84 7 13
10 -3 1 m2 97 4 70;73 0 20;120 5 5;63 -7 5
10 -2 1 m2 96 4 28;37 -24 22;126 1 17;148 5 11;159 5 11
9 -1 1 m3 17 -9 47;82 4 26;29 -15 11;-171 3 5;103 6 5
9 -2 1 m5 169 5 38;-171 12 19;-147 3 12;-117 6 12;36 -38 12
8 -2 1 m5 -104 3 46;-149 3 15;109 6 12;-115 4 12;167 5 8
8 -2 1 m4 168 5 50;-116 6 21;123 6 8;-104 1 8
7 -2 1 m2 102 3 86;131 10 7;76 3 7
7 -2 1 s 129 10 58;109 10 42
7 -1 1 m2 103 5 31;121 5 23;146 4 23;163 4 23
6 0 1 m3 -174 -5 71;174 -1 18;-152 -38 12
6 1 1 m3 -176 2 90;-148 3 10
5 1 1 m3 179 -3 44;-175 1 31;116 4 12;153 2 12
5 2 1 m2 -43 10 50;99 5 20;124 5 10;-65 11 10;-107 9 10
6 2 1 m6 -85 7 37;-118 0 22;-96 2 15;-60 7 12;-163 4 10
6 2 1 m5 -153 1 42;-169 3 33;-84 2 25
5 1 1 s 178 -1 93;-178 -6 7
5 2 1 m4 -40 -4 67;-20 -4 17;177 0 8;-58 0 8
-3 -18 1 s 1 1 88
0 -16 2 m2 58 19 55;81 17 25;93 22 10;40 23 8
0 -16 2 s 104 2 97
0 -15 2 m2 88 -3 84;92 11 16
0 -14 2 m2 92 12 58;84 5 42
0 -14 2 s 108 7 52;119 -1 33
-1 -14 1 m3 106 3 39;115 3 32;82 2 18;165 10 11
-1 -13 1 m2 102 -12 60;83 3 33
-1 -13 1 m7 -82 8 38;-60 9 31;-99 19 23;-24 15 8
-1 -14 1 m7 -31 14 69;-49 5 19;-125 2 6;-22 12 6
0 -14 1 m7 -34 11 58;-17 11 17;81 3 17
0 -15 1 m7 -15 10 55;-31 11 31;-53 16 5
1 -15 1 s 119 -11 67;140 -1 14;61 39 8;108 -3 6;87 -11 6
1 -16 1 m7 -29 8 67;-13 5 25;7 15 6
5 -15 1 m4 92 1 43;116 8 29;137 5 21;89 -2 7
5 -11 1 m2 78 -19 81;63 -2 17
5 -10 1 s 54 -2 93
5 -11 1 m6 -54 14 27;-42 13 27;81 -15 27;-90 12 20
5 -11 1 m7 -36 9 53;-14 2 26;-57 12 11;31 21 5;80 0 5
6 -12 1 m7 9 7 39;-10 7 28;-25 9 17;58 2 17
6 -12 1 s 97 -2 37;8 6 29;81 3 21;57 11 5
6 -12 1 m1 32 8 48;51 10 31;15 9 17
6 -12 1 m0 11 7 57;31 9 28;52 7 8
7 -11 1 m0 55 7 53;29 3 26;20 3 21
7 -11 1 m1 36 7 51;55 10 46
7 -10 1 m1 32 7 54;16 12 36;51 7 7
8 -10 1 m1 76 5 29;9 11 29;34 7 15;57 9 10;-5 1 7
8 -10 1 m0 55 8 33;34 9 27;75 3 19;13 15 11;-4 9 10
9 -10 1 m1 79 4 91
9 -9 1 m2 80 1 49;99 1 26;123 16 9;152 4 6;159 3 6
9 -8 1 m2 81 -4 60;95 -8 15;160 3 10;61 -8 10;154 3 5
8 -8 1 m2 79 6 31;102 8 15;58 20 15;143 2 12;161 2 12
8 -7 1 m5 36 -3 41;55 -8 17;106 7 14;147 7 7;-177 3 7
7 -7 1 m4 122 3 40;146 6 33;167 3 27
6 -7 1 m4 116 9 37;144 6 21;164 7 21;99 6 16;38 3 5
6 -7 1 m3 101 10 43;124 6 19;82 10 14;164 7 11;140 6 8
6 -7 1 m2 124 6 30;81 7 25;100 10 23;142 8 14;168 3 9
6 -6 1 m3 125 9 37;142 9 29;174 0 24;106 11 11
5 -6 1 m3 126 9 40;140 7 26;104 9 19;167 5 8
5 -5 1 m3 123 9 43;105 8 34;145 7 11;170 2 9
4 -5 1 m3 123 8 46;106 9 24;142 4 9;165 0 8;-172 -0 6
4 -4 1 m3 123 8 32;166 4 32;146 8 22;105 7 8
4 -3 1 m3 101 3 33;167 4 22;149 9 14;-170 5 14;121 4 6
3 -3 1 m3 -165 -0 33;147 11 17;81 4 17;160 9 8;103 5 8
3 -3 1 s -152 3 75;-166 1 25
3 -3 1 m2 -170 2 23;79 1 15;57 6 13;177 3 12;9 -8 8
4 -3 1 s 125 -1 74;142 1 9;168 2 6
4 -3 1 m6 -77 6 27;-60 6 22;-175 2 20;-98 -1 10;-33 -0 8
4 -3 1 m7 -60 4 46;9 4 19;-36 -1 15;-80 0 8
4 -4 1 m7 -57 8 40;-74 5 13;-170 3 13;-38 5 10;-20 5 7
-1 15 1 m6 -86 4 58;-99 4 38
-1 15 1 m5 -101 5 55;-123 7 23;-88 1 16
-1 14 1 m5 -101 3 57;-85 5 33;-120 1 8
-1 14 1 m6 -82 5 53;-97 2 37;-61 4 9
-1 13 1 m6 -84 3 51;-97 2 31;-59 9 17
-1 12 1 m6 -86 -3 65;-95 -10 23;-60 12 9
-2 12 1 m6 -101 -1 66;-119 8 18;-86 -3 16
-2 12 1 m5 -121 7 59;-105 2 38
-2 11 1 m5 -121 8 57;-104 4 36
-2 11 1 m6 -97 -4 61;-86 -2 39
-2 10 1 m6 -98 -16 55;-83 0 42
-2 9 1 m6 -97 -31 52;-87 -25 24;-123 16 17;-144 15 7
-2 9 1 m5 -144 14 42;-102 -37 27;-126 12 15;-160 10 12
-2 9 1 m4 -147 18 55;-165 10 18;167 2 9;-133 19 9;-105 5 9
-3 9 1 m5 -121 2 33;-103 -19 30;-147 13 13;-78 -38 6;-14 12 6
-3 9 1 m4 -100 -5 29;-146 13 24;-78 -12 18;-122 12 16
-4 8 1 m5 -104 -6 36;-114 -5 24;-71 -33 16;-61 -28 12;6 -9 8
-4 8 1 m2 60 3 41;-93 -8 30;81 7 15;105 8 15
-4 9 1 m2 58 3 38;108 9 19;-8 33 14;73 10 14;22 -3 10
-3 10 1 m1 13 17 46;42 1 31;-8 25 15;-55 19 8
-3 10 1 m5 -119 6 45;-107 -4 36;-85 -49 10;-141 29 7
-3 10 1 m6 -85 -3 72;-94 -6 22;-123 -1 6
-3 8 1 m5 -99 -37 47;-121 5 40;-142 9 13
-4 8 1 m6 -83 -34 53;-100 3 39;-118 3 7
-4 7 1 m6 -80 -26 37;-123 5 24;-103 -2 15;-61 -2 14;-141 6 6
-4 7 1 m7 -35 -3 31;-79 1 31;-56 -0 28;-101 4 6
-3 7 1 m7 -30 3 46;-55 1 29;-15 3 17;-87 -57 8
-3 6 1 m7 -32 8 35;-56 -0 23;-14 4 19;11 3 7
-2 5 1 m7 144 6 23;-38 7 13;-60 9 13;162 8 12;122 3 10
-2 5 1 s 130 4 25;145 7 16;-48 3 15;-37 5 13;32 27 12
-2 5 1 m3 146 8 56;-43 11 23;170 17 5;-130 1 5
-3 5 1 m4 -172 7 48;172 10 29;150 7 10;-44 12 5
-3 5 1 m3 152 5 47;165 9 47
-3 6 1 m3 -174 12 54;-142 3 31;170 10 15
-3 6 1 m4 -147 6 52;-170 9 40;174 5 6
-4 6 1 m4 -147 8 32;-168 10 28;-123 6 19;170 11 16
-4 6 1 m3 -169 9 36;-148 8 32;167 7 15;154 8 8;-128 8 6
-5 6 1 m4 -121 1 31;-147 8 29;-168 13 23;-108 2 9;170 22 6
-6 6 1 m4 -167 15 30;-101 5 22;-147 12 19;-125 7 17;-84 5 7
-7 6 1 m4 -167 22 41;-151 9 20;-101 5 16;-79 8 10;-61 6 7
-8 6 1 m4 -168 14 47;-150 9 31;-125 8 8;-102 4 7
-8 6 1 m5 -98 4 41;-60 1 27;-150 15 14;-119 14 14
-8 5 1 m4 -165 11 39;-73 3 17;-125 6 17;-63 2 11;171 30 11
-9 5 1 m4 -100 1 25;-81 12 20;-40 2 18;-55 2 18;-121 8 6
-9 5 1 s -53 2 35;-37 -2 35;-8 2 30
-10 5 1 m4 -51 4 45;-75 4 27;-34 -3 9;-121 4 9;-99 5 9
-10 5 1 m5 -78 7 54;-54 5 19;-96 6 16;-32 -3 11
-10 5 1 m6 -57 1 49;-75 6 39;-38 1 11
-10 4 1 m6 -36 2 39;-56 4 36;-74 5 24
-10 4 1 m7 -49 -21 50;-40 -29 42;-81 0 8
-9 4 1 m0 -79 3 38;-32 -1 34;-55 -18 16;-15 3 12
-9 4 1 s -13 3 50;-43 4 23;-56 -6 20;-76 5 5
-8 4 1 m0 -35 -2 46;-65 4 38;-68 6 15
-8 4 1 s -34 -2 79;-63 2 21
-9 4 1 m4 -75 3 38;-33 1 31;-97 -4 23;-53 -7 8
-7 4 1 m6 -96 6 49;-81 4 40;-56 5 7
-7 3 1 m6 -82 4 41;-97 5 39;-61 6 8;-114 7 5;-41 6 5
-6 2 1 s -104 4 25;3 4 21;-79 2 18;-10 3 11;-32 1 7
-6 2 1 m0 -61 3 35;-75 3 28;-36 4 17;3 9 11;-13 7 9
-7 2 1 m7 -101 4 39;-80 7 24;-119 -3 18;-61 7 9;-35 5 6
-7 2 1 m0 -127 -17 37;-15 2 22;-107 9 12;-78 8 10;-29 5 7
-6 2 1 m7 -41 3 40;-74 4 33;-67 4 13;2 11 7;-91 2 7
-5 2 1 s -78 -3 96
-5 2 1 m0 -79 3 58;-99 2 29;-43 11 6;-63 9 6
-4 2 1 m6 -82 5 62;-16 4 19;-96 6 10;-171 8 10
-4 1 1 m6 -82 7 49;-13 2 21;-34 6 8;-97 6 8;-113 6 8
-4 0 1 m6 -100 6 33;-113 6 22;-26 5 11;-83 5 11;38 9 6
-4 0 1 m7 -14 1 58;5 2 17;-42 10 8;-55 11 8;-103 4 8
-3 1 1 m1 27 4 33;14 7 22;61 9 17;-78 4 11;-37 4 6
-3 2 1 m1 -37 2 59;124 16 18;-153 2 12;14 4 6;150 7 6
-2 2 1 s 31 11 50;-37 4 38;-49 4 12
-3 2 1 m5 -36 4 46;-120 11 23;-95 4 15;-178 10 15
-3 1 1 m5 -100 5 50;-114 5 33;-80 3 8;-49 4 8
-3 1 1 s -78 1 88;-33 5 9
-3 2 1 m4 -119 9 39;-73 3 22;-104 5 22;168 11 17
-3 2 1 m0 -38 -1 92;-146 0 8
-2 2 1 m0 -40 -5 69;31 11 15;-143 0 15
0 2 1 s -22 7 91
-2 17 1 s -88 9 90;-93 5 7
-2 17 1 m6 -89 1 77;-95 4 15;-52 3 8
-2 16 1 m6 -86 3 69;-99 2 9;-128 2 8;-141 11 7;-64 4 6
-2 15 1 m6 -84 2 70;-97 5 21
-1 12 1 m7 -56 11 70;-35 15 18;-15 13 5
0 12 1 m7 -33 20 46;-12 11 32;-51 22 15;8 15 7
0 12 1 m0 9 12 51;-9 10 35;-25 19 12
1 12 1 m0 11 15 78;-9 4 16;30 5 6
2 12 1 m0 11 14 72;-11 14 28
2 12 0 m0 -9 8 42;8 10 39;-27 13 19
3 12 0 m0 -11 11 41;-31 9 27;6 11 24;-55 12 8
3 12 0 m7 -30 11 74;-48 6 20
4 12 0 m7 -55 8 58;-74 9 32;-40 11 7
4 11 0 m7 -60 10 43;-77 2 32;-39 19 23
5 10 0 m6 -79 -0 62;-61 11 26;-94 -9 10
5 9 1 m7 -36 12 39;-77 4 27;-55 11 27;-15 9 5
5 8 1 m7 -77 -4 38;-58 2 38;-26 6 12;-92 -13 9
6 8 1 m0 -12 10 32;7 11 32;31 12 19;-25 17 12
6 8 1 m7 -83 -23 38;-16 14 29;-93 -21 19;-26 16 9
7 8 1 m0 -14 7 49;-27 12 28;-73 -20 9;3 10 6
8 8 1 m0 -13 8 43;-31 9 31;-77 5 17;-54 -1 9
9 8 1 m7 -85 -9 56;-58 1 26;-98 -1 15
9 7 1 m7 -86 -0 62;-53 4 33
9 7 1 m0 -18 5 25;-82 1 23;-30 9 20;-56 1 19;-97 -1 12
10 7 1 m0 -53 5 41;-37 6 33;-18 -5 11;-91 0 7
10 7 1 m7 -54 8 48;-42 5 20;-81 1 20;-97 3 12
11 6 1 m7 -59 12 64;-38 5 18;-78 5 13
11 5 1 m7 -36 9 56;-14 -7 30;-56 7 14
12 5 1 m7 -14 7 52;-32 7 44
12 4 1 m7 -11 1 71;1 1 21;-24 -7 7
13 4 2 m0 -11 0 39;-30 4 31;2 4 29
14 4 2 m0 -34 4 27;-13 7 19;-55 7 15;-75 6 14;7 8 10
15 4 2 m7 -97 7 40;-124 6 40;-142 3 13;-89 6 7
15 4 2 m6 -144 6 52;-123 9 30;-107 6 13
14 4 2 m5 -126 5 38;-145 8 38;-164 7 15;158 15 8
14 4 2 m4 -123 4 50;-144 3 23;-168 19 19
14 3 2 m4 -124 4 64;-142 5 24;-171 7 12
13 3 2 m4 -117 4 46;-107 6 36;-84 3 11;-146 14 7
13 3 2 m5 -122 5 48;-104 -1 42;-142 10 7
13 2 2 m6 -102 -4 52;-120 -1 48
13 1 2 m6 -104 35 58;-77 83 25;-130 -8 17
13 1 3 m6 -171 7 30;-143 -3 28;-129 -6 22;-99 47 10;-85 8 10
13 0 2 m6 -124 9 50;-107 37 36;-67 26 7;-69 3 7
12 0 2 m6 -83 33 31;-124 8 29;-97 40 21;-145 10 17
12 0 3 m6 -125 7 30;-100 18 20;177 11 20;-88 46 20;-149 10 10
13 -2 3 m6 171 12 90;-175 11 10
13 -2 3 s 176 9 100
13 -2 2 m4 175 10 70;-149 12 13;135 -1 13
12 -2 2 m4 169 13 33;103 6 20;122 8 17;145 8 13;-54 28 13
12 -2 2 m5 -36 26 31;-63 28 23;-75 27 15;164 8 15;-147 11 8
12 -2 2 m6 -10 29 18;-95 15 16;-30 28 14;-80 22 12;-56 24 12
12 -3 2 m7 -10 29 47;12 24 20;-54 12 13;-44 26 7;97 23 7
12 -3 2 m0 9 30 39;-9 29 30;-27 27 17
13 -3 2 m0 -144 16 31;-6 33 23;-41 29 13;-99 19 10;5 32 8
13 -2 2 m0 -37 34 54;-48 33 11;-82 21 11;-17 31 7;-141 12 7
14 -3 2 m0 -144 14 39;-127 24 22;-161 6 17;-98 24 9
14 -4 1 m6 132 -2 40;-101 4 30;-123 5 20;140 18 10
13 -4 1 m4 170 6 68;147 10 32
12 -4 1 m4 108 10 57;163 8 19;144 7 19
12 -4 1 s 144 3 79;103 13 21
11 -4 1 s 58 15 77;76 10 14;100 7 9
12 -4 1 m0 32 17 39;104 10 22;-14 4 17;143 8 17;88 16 6
13 -4 1 m0 -13 5 40;10 8 32;122 15 16;25 20 8
14 -4 1 m0 104 -17 25;56 -0 20;10 10 15;-18 12 10;-32 6 10
14 -4 1 m7 -77 6 28;-59 10 22;-11 14 11;-102 23 11;-132 -2 11
14 -5 1 m7 149 4 36;-94 -3 18;-66 16 9;7 16 9;125 11 9
14 -5 1 m6 125 -10 33;149 4 18;-85 1 13;-142 34 8;107 7 8
15 -5 1 s 153 3 88;168 -2 10
15 -5 1 m5 147 3 92;131 13 8
14 -5 1 m5 147 1 65;127 5 25;-139 27 10
15 -5 1 m1 167 0 32;150 4 32;122 4 20;107 10 12
15 -5 1 m2 171 -2 35;146 -1 25;82 5 23;122 0 13
15 -4 1 m2 173 -1 45;120 4 23;-172 2 12;111 8 11;143 2 5
15 -3 1 m2 168 -8 39;-170 3 38;145 1 14;122 5 9
15 -3 1 m3 171 -4 48;-168 2 32;-155 4 14;153 9 6
14 -2 1 m4 -175 -1 54;-146 8 35;174 1 5;-118 0 5
14 -3 1 m4 -167 4 49;171 -7 41;-148 6 10
14 -3 2 m4 -171 5 43;169 -9 30;-149 7 27
13 -3 2 m4 -148 9 32;147 1 21;168 -2 20;127 5 15;-171 6 9
13 -3 2 s -151 10 54;-165 8 27;125 2 16
13 -3 2 m3 -170 16 27;171 12 27;142 11 27;-149 9 20
13 -2 2 s -170 12 40;-84 21 22;-147 15 13;135 -1 11;-93 21 7
13 -3 2 m7 -97 23 45;-158 17 18;-153 24 18;166 12 9;-86 24 9
13 -3 2 m5 -143 14 77;123 0 15;166 -6 8
13 -3 2 m1 -148 8 29;-9 32 18;-98 23 14;0 41 11;-54 32 11
14 -2 1 m0 -84 21 30;-124 13 26;-146 10 15;-57 27 11;-102 11 10
15 -2 1 m0 -148 11 46;-125 15 23;-109 17 23;-87 20 8
15 -3 1 m7 -170 4 44;-123 9 16;-147 14 14;-103 17 12;172 8 12
15 -3 1 s -174 -0 98
15 -3 1 m6 -173 4 50;174 8 36;-154 10 9
14 -3 1 m7 172 17 24;-168 5 19;-13 -3 14;-124 7 10;3 1 10
14 -3 1 m0 -144 12 15;-118 16 14;10 3 14;-166 6 10;32 3 10
15 -3 1 m0 -167 6 55;-146 6 9;166 1 9;87 -0 9
15 -4 1 m6 164 4 53;154 4 17;-116 5 17;-173 1 6
14 -3 2 s -167 7 53;-157 3 47
12 -2 2 m2 170 8 28;99 7 22;123 11 12;150 8 10;-176 11 10
12 -2 2 m1 61 9 60;92 3 20;129 10 10;-174 12 10
12 0 2 m2 79 9 33;99 27 17;146 11 17;123 13 12;62 3 12
12 1 2 m2 87 13 53;98 58 20;59 4 20;-153 6 7
13 2 2 m2 99 9 31;81 9 25;-117 -12 25;-105 -3 12;62 7 6
12 2 2 m2 36 9 35;101 8 29;73 10 24;52 6 6;127 9 6
13 2 2 m1 61 11 32;28 8 32;75 10 32
13 3 2 m1 65 10 64;29 4 14;-21 7 14;69 10 7
14 3 2 m1 56 10 36;74 11 24;96 11 18;39 14 9;19 2 6
15 5 3 s 174 15 50;-176 15 42;124 24 7
14 3 2 m5 -123 8 52;-148 7 31;-169 10 16
12 2 2 m5 -82 36 33;-118 4 25;-105 8 17;-36 0 17;-167 11 8
12 2 2 m6 -81 29 47;-99 8 33;-117 3 11
12 1 3 m6 -83 53 37;-175 9 32;-129 8 16;-112 12 5;-152 12 5
12 0 2 s -173 4 53;-124 4 17;-143 8 17;175 6 10
12 -1 2 m6 -97 23 39;-150 9 22;-125 8 22;-88 33 13
14 -3 1 m5 170 -10 45;-143 5 27;-177 2 18;-132 7 9
11 -2 1 m4 145 5 60;123 3 20;-178 14 10;168 4 10
11 -2 1 s -110 14 75;156 3 9;-128 15 8
11 -3 1 m5 -121 2 55;-109 3 27;151 10 18
9 -2 1 s 50 0 44;40 -40 26;-19 2 13;-29 5 11;-93 1 6
9 -1 1 m2 71 2 27;109 3 27;57 -13 27;9 5 20
9 0 1 m2 114 1 48;81 1 29;58 -1 14
9 0 1 s 117 0 32;174 -1 21;141 -8 21;86 0 16;2 5 5
9 -1 1 m6 -147 3 38;-129 9 24;-78 8 12;108 2 10
9 -1 1 s 108 3 55;80 3 18;10 -28 14;139 -11 9
7 -2 1 m5 -102 4 73;107 6 18;66 4 9
7 -3 1 m6 -100 3 70;36 -2 15;-90 4 15
7 -4 1 m6 -107 3 29;-169 4 19;-118 4 19;37 -2 14;-145 5 14
7 -4 1 s 72 3 47;-91 -1 33;-166 2 14
7 -4 1 m7 -167 3 45;-154 6 18;-57 -1 18;-103 3 18
7 -5 1 m5 -175 2 56;175 2 31;-153 4 12
7 -5 1 s -174 1 75;175 -4 25
7 -5 1 m6 170 -0 59;-176 3 18;-154 3 18;-125 3 6
7 -6 1 m5 -173 4 59;-153 4 24;175 0 18
6 -6 1 m5 -97 2 82;-174 4 18
6 -6 1 m4 172 0 32;-100 4 29;144 3 14;129 5 14;-114 3 7
5 -6 1 m4 119 7 29;103 7 29;172 -0 29;150 2 12
4 -6 1 m3 124 7 60;103 8 30;-173 0 10
4 -5 1 m2 102 11 41;120 11 36;143 6 9
4 -5 1 m4 -168 7 45;166 5 27;127 5 18;87 8 9
-2 16 1 s -90 0 88;-100 6 11
-2 14 1 m6 -85 3 49;-94 2 45;-60 3 6
-2 13 1 m6 -97 2 73;-87 2 24
-3 9 1 m6 -84 -32 53;-97 -22 38;-115 2 6
-3 8 2 m5 -102 -23 70;-72 -35 30
-3 9 1 s -99 11 48;-87 -27 26;10 20 10;-13 20 8
-4 9 1 m5 -102 5 51;-87 -36 36;-114 2 13
-4 9 1 m6 -83 -39 56;-100 5 41
-4 7 1 m5 -125 3 41;-143 9 41;-101 5 10;-163 6 5
-4 6 1 m5 -144 8 39;-125 -0 33;-160 5 15;-64 5 6
-4 6 1 m6 -82 -10 37;-141 4 19;164 8 11;-132 7 11;-61 -0 7
-4 6 1 m7 -33 5 27;-52 6 21;-147 7 15;-79 -10 12;-15 6 12
-4 6 1 m0 -11 3 45;-121 3 25;-29 2 15;-171 5 10;109 8 5
-4 6 1 s -120 5 76;-152 6 16;-83 7 8
-4 5 1 m6 24 11 27;-84 9 20;-4 1 20;80 23 7;61 1 7
-4 5 1 s -173 6 30;-154 7 26;-84 9 22;167 3 19
-4 6 1 m2 -148 6 43;126 25 19;139 12 19;-172 8 14
-5 6 1 m3 -122 2 39;-168 11 24;169 13 16;-146 9 9;-106 -5 7
-6 6 1 m5 -103 5 39;-84 3 33;-119 7 20
-7 6 1 m5 -85 3 34;-102 8 31;-148 12 20;-125 12 14
-7 5 1 m5 -80 1 45;-102 8 35;-119 23 18
-7 5 1 m6 -78 2 53;-97 7 32;-171 41 8;-65 1 5
-7 4 1 m5 -83 1 59;-103 4 33;-58 5 7
-7 3 1 m5 -35 1 31;-98 4 29;-121 2 20;-80 5 17
-9 0 2 m4 171 4 45;148 3 29;124 1 12
-10 1 2 m3 118 12 20;76 12 20;-9 5 20;7 -3 14;95 5 11
-10 1 2 m2 -10 7 42;9 6 22;59 2 16;31 11 14
-10 2 2 s 13 5 47;-52 15 38;-35 14 16
-9 2 2 m0 -38 3 33;-19 5 17;-56 13 17;13 7 17;-76 22 6
-9 1 2 m0 -13 3 50;-35 5 29;-59 4 14;9 11 7
-9 1 3 m0 -54 7 36;-18 5 22;-76 8 16;14 9 9;-31 5 8
-9 1 3 m7 -37 6 34;-53 6 31;-77 6 24
-8 1 3 m7 -81 8 37;-59 9 20;-99 8 17;-37 11 9;-119 6 6
-8 1 3 m6 -97 9 34;-59 9 21;-83 9 16;-36 6 16;-122 5 8
-8 0 3 m6 -100 9 36;-57 8 28;-79 8 9;-173 9 7;-122 9 7
-8 0 3 m5 -120 12 36;-143 9 18;-170 14 14;-82 9 11;-93 9 11
-9 0 3 m5 -103 9 30;-121 12 30;-167 10 10;-144 11 10;-78 9 10
-9 0 3 m4 -148 11 20;-76 13 20;-17 30 20;-122 11 17;-100 6 10
-10 -1 3 m6 -30 11 39;-55 11 39;-85 4 22
-10 -1 3 s -77 4 70;-35 4 20;-97 4 10
-10 -1 3 m2 37 4 61;50 9 22;-6 8 9
-10 0 3 m1 24 6 50;-26 8 40;9 1 10
-9 0 3 s 1 0 38;-19 14 31;-26 6 26
-10 0 3 s 1 1 83;-24 5 17
-2 6 1 m7 -38 9 38;-16 9 24;-58 6 24
-2 5 1 m4 173 10 50;-170 6 33;-143 7 10
-8 5 1 m0 -64 0 50;-70 1 50
-8 9 1 s -154 9 96
-7 5 1 m7 -74 -3 70;-67 0 30
-6 4 1 m6 -78 0 69;-96 3 23;-59 2 8
-6 3 1 m6 -81 -4 50;-99 2 28;-55 2 17
-3 -19 1 s 1 3 67;33 5 10;72 8 8;-5 -1 8
-3 -19 1 m0 6 4 57;33 10 17;54 4 12;-5 3 8
-2 -19 1 m1 57 5 48;73 4 38;37 10 10
-2 -19 1 m2 80 4 54;102 4 36;118 1 5
-2 -18 1 m2 78 7 57;63 5 22;99 4 19
-2 -18 1 m3 105 7 75;85 1 25
-3 -17 1 m3 96 6 52;84 14 31;156 -4 7
0 -16 1 m2 81 0 58;61 11 38
-1 -15 1 m3 84 -31 50;120 -7 30;102 -3 10;147 9 10
-1 -15 1 m2 83 1 73;97 -0 22
-3 -14 1 m2 79 -11 47;99 -3 40;62 7 12
-3 -12 1 m3 100 4 26;80 6 26;124 21 16;57 1 11;39 1 10
-3 -12 1 m7 58 4 36;77 5 23;-79 13 11;-53 14 9;35 8 6
-3 -12 1 m6 55 6 20;75 11 13;-84 23 13;-55 38 13;-174 4 13
-2 -11 1 m2 102 -15 53;83 2 19;50 3 15;140 4 6
-2 -10 1 m2 101 -4 67;82 -8 22;51 2 6
-3 -10 1 m3 104 6 49;58 0 24;80 7 10;122 6 10
-3 -10 1 m4 56 2 44;39 1 19;-34 10 19;-11 8 12;125 4 6
-4 -10 1 m3 57 -1 35;32 -0 20;79 7 18;121 8 11;95 8 9
-4 -10 1 m4 60 2 47;30 -2 13;73 3 13;169 7 7;-142 7 7
-4 -10 1 s 29 -0 45;15 6 26;57 0 24
-4 -10 1 m7 34 3 46;55 1 46;78 -8 8
-3 -11 1 m7 -74 9 23;39 1 18;-55 7 18;-13 1 18;12 4 14
-2 -11 1 m0 95 -1 47;13 9 20;-8 7 13;45 6 13;-53 6 7
-2 -11 1 m1 106 -4 50;85 4 25;59 5 19;113 -4 6
-2 -11 1 s 30 -3 33;88 6 33;114 -5 13;109 -34 8;-160 -3 8
-1 -10 1 m2 78 -16 55;58 -3 26;97 0 18
-1 -10 1 m1 56 -6 58;43 10 18;77 -7 9;127 -6 7
-1 -6 1 m1 143 -6 57;53 2 21;91 12 14;168 -1 7
-1 -6 1 m2 149 -2 24;56 3 24;2 6 16;102 -1 16;132 2 13
-1 -5 1 m2 123 0 40;59 0 20;146 -1 10;4 2 10;81 1 10
-2 -3 1 m4 168 2 40;145 3 31;-152 4 25
-1 -3 1 m0 165 -2 38;13 6 23;24 6 19;-7 4 15
0 -3 1 m0 167 -2 43;14 8 26;-6 6 22;50 4 9
1 -3 1 m0 -5 6 38;170 -2 29;5 9 24;64 0 10
2 -3 1 m0 9 7 36;-9 5 27;49 5 18;31 7 18
2 -3 1 m1 47 4 38;36 7 25;-29 3 16;-20 4 9;7 7 6
2 -3 1 m2 102 3 52;-169 2 18;82 10 7
2 -2 1 m1 -17 13 25;-53 2 25;11 12 17;32 1 8;-28 5 8
3 -2 1 m1 -15 4 63;30 2 16;-56 6 5;-92 12 5;-40 0 5
3 -2 1 s 12 0 65;-21 10 35
3 -2 1 m0 -9 0 63;7 5 20;-53 6 5
4 -2 1 m0 -13 -1 37;-32 -5 26;-54 -6 11;8 -1 7;-76 -7 6
4 -2 1 m7 -31 -1 28;-56 -4 23;-148 9 14;8 -5 11;-15 -1 9
4 -3 2 m6 13 -2 20;-106 -2 20;-122 6 12;-36 9 12;-59 7 9
4 -3 2 m5 15 2 20;-125 2 15;-146 14 12;-77 7 12;-57 4 10
4 -3 2 s 162 5 33;14 3 22;-162 8 9;155 4 7;31 3 6
4 -3 2 m7 -35 18 33;-123 5 17;-8 18 8;146 20 8;27 -1 8
5 -4 2 m7 80 7 40;62 10 30;-26 28 10;-3 34 10;38 15 10
5 -4 2 m0 56 17 50;77 27 25;-18 38 17;30 30 8
6 -4 1 m0 -96 5 40;-78 4 23;96 9 13;84 3 13
6 -4 1 m1 84 2 52;97 3 48
6 -4 1 m2 95 13 42;-96 12 33;88 2 17;-175 -31 8
6 -3 1 m2 123 3 31;141 3 30;100 8 14;85 2 14
6 -2 1 m3 145 7 29;82 5 20;55 -1 20;161 11 12;103 6 7
5 -2 1 m3 36 7 38;154 7 25;18 3 19;163 10 19
5 -2 1 m4 28 -7 50;168 8 19;-5 7 12;157 12 6;101 5 6
5 -2 1 m6 39 4 36;-10 10 18;-85 -9 18;-30 11 9;-157 8 9
5 -2 1 m0 -31 8 21;-18 8 19;-56 7 19;38 7 17
6 -2 1 m0 -83 -23 33;-104 10 27;36 4 20;-60 4 13;92 5 7
6 -2 1 m4 52 6 28;84 4 24;168 5 16;98 5 12;142 4 8
5 -1 1 m3 16 3 50;170 7 40;154 7 10
5 -1 1 m4 13 -2 33;172 7 25;143 6 25;-175 1 17
4 -1 1 m4 169 7 50;141 6 14;12 -8 7;-178 7 7;-144 1 7
3 -16 1 m1 14 9 41;35 7 33;71 -47 19
5 -13 1 m3 82 -4 52;132 -47 15;136 -50 15;-123 -4 7;103 -17 7
7 -11 1 s 57 5 50;38 3 50
7 -11 1 m2 54 5 60;36 4 35;20 11 5
9 -10 1 m2 77 3 88;64 0 9
9 -8 1 m3 101 4 71;154 3 7;171 2 7;121 28 7;79 2 7
8 -8 1 m3 99 12 24;130 10 24;158 3 19;76 2 14;-176 3 10
8 -8 1 m1 53 8 43;40 8 43
9 -8 1 m1 55 8 71;83 3 12;32 32 12;6 28 6
10 -7 1 m2 81 2 90;90 1 10
10 -6 1 m2 80 2 67;96 3 33
9 -5 1 m3 -173 1 60;97 4 30;178 3 10
8 -5 1 m5 -174 3 33;178 0 33;-149 6 33
8 -5 1 m6 -173 1 64;178 0 32
2 2 1 m2 -86 -16 57;80 -1 21;174 9 7;-119 7 7;-56 4 7
2 2 1 s -120 6 46;-56 4 44;-78 -3 6
3 1 1 m7 -60 -30 54;-164 4 38;-18 1 8
4 0 1 s -172 -1 54;159 1 46
0 -15 1 m3 121 5 41;103 -1 33;86 -6 11;137 5 9
0 -15 1 m4 104 2 36;120 4 28;86 -5 16;142 7 13
-2 -14 1 m5 -148 7 50;-164 10 29;167 4 7;-116 9 7;156 4 7
-2 -15 1 m4 145 11 40;97 7 20;-153 10 13;87 4 13;158 16 7
-3 -12 1 m1 81 3 41;61 -4 36;169 8 10;90 11 5;37 6 5
-3 -11 1 m2 99 7 41;79 2 34;66 3 16;123 7 7
-3 -11 1 m1 81 -4 74;91 5 9;66 -16 9
-2 -11 1 m7 96 -5 18;26 2 18;-75 11 18;-55 5 18;11 8 12
-1 -11 1 m2 81 2 75;95 -8 16;63 4 8
-1 -10 1 m5 -132 3 50;121 -1 30;-144 8 20
-1 -7 1 s 153 -7 50;161 -4 50
-1 -8 1 s 138 -1 48;13 5 27;65 3 9;122 1 6;32 10 5
-1 -8 1 m7 136 -2 100
-2 -8 1 s 16 0 29;38 3 29;156 3 18;166 16 18;118 4 6
0 -5 1 m1 29 2 50;57 3 50
0 -4 1 m1 13 6 40;62 4 30;34 3 30
1 -3 1 s 171 -2 38;-141 5 28;-131 5 18;100 8 7
-2 -18 1 m1 58 5 44;75 5 37;38 9 16
-2 -17 1 m2 79 5 63;61 6 29;92 8 5
0 -15 1 m2 81 7 50;59 6 24;93 -1 7;116 -5 6;34 6 6
0 -14 1 m2 85 2 52;98 -3 46
0 -15 1 m6 84 9 43;-34 12 21;-129 8 21;-102 5 14
7 -12 1 m0 12 7 51;34 8 34;54 3 14
7 -12 1 m1 33 7 44;50 9 38;149 0 19
8 -11 1 m1 79 1 73;65 3 27
8 -11 1 s 78 -0 72;62 1 16
8 -11 1 m0 58 3 38;78 1 29;38 3 26
9 -11 1 m1 82 1 100
7 -12 2 m4 97 2 67;36 23 13;88 30 7;114 4 7;66 24 7
8 -12 2 s 73 5 63;4 16 17;63 5 13
7 -12 2 s 95 1 100
10 -10 2 s 114 0 84;110 0 16
-1 17 1 s -90 1 82;-49 6 9
-1 17 1 m6 -87 8 79;-99 4 21
-1 16 1 m6 -87 3 61;-98 4 37
-1 13 1 m7 -56 12 94;-87 1 6
4 11 0 m6 -73 3 56;-64 8 32;-95 2 7
4 10 0 m6 -78 -16 51;-63 6 29;-99 6 10;-114 0 10
5 10 0 m7 -56 14 60;-73 7 33;-40 11 7
6 9 1 m7 -28 14 63;-18 10 21;-85 -6 11;-64 11 5
9 8 1 m0 -81 -4 50;-12 11 35;-52 2 8;-37 5 6
11 7 1 m7 -59 5 65;-79 5 24;-38 4 12
12 4 1 m0 -9 -2 57;2 1 35;-29 -1 7
14 4 3 m0 -30 7 27;-55 4 19;-75 11 15;35 27 12;-101 15 12
15 4 3 m0 175 14 43;55 27 21;40 29 14;87 30 7;-127 10 7
15 5 3 m4 173 25 81;-175 25 14
14 5 3 m4 168 26 46;-167 17 35;-151 14 15
13 4 3 m4 -168 17 62;-153 27 24;-103 4 14
12 4 3 m4 -166 18 71;-96 9 14
11 4 3 m4 -151 11 64;-120 11 23;-162 10 9
11 4 3 s -149 7 91
12 4 3 s -74 8 67;177 18 25;-176 16 8
9 4 1 m4 -114 9 38;-166 -6 31;176 4 31
9 4 1 m5 -109 6 40;-146 5 40;-113 10 13;-169 -7 7
9 4 1 m7 -79 5 76;-92 4 16;-52 7 8
10 3 1 m7 -80 4 50;-92 2 50
10 2 1 m7 -79 4 44;-100 2 44;-58 5 11
10 2 1 m6 -100 2 62;-78 4 19;-59 6 12;-39 9 6
11 1 1 m7 -18 4 26;-26 5 22;-82 7 17;-171 1 13;-97 5 9
11 0 1 m5 -128 3 42;-167 -2 27;173 2 18;-108 6 9
11 0 1 m4 -170 -0 63;174 1 26;-143 2 5;-132 3 5
10 0 1 m4 176 -0 71;-125 3 19
10 0 1 m5 -89 3 56;-97 5 44
10 -1 1 m6 -106 2 56;-78 4 38;-55 4 6
10 -2 1 m6 -104 2 40;-124 4 33;-48 4 13;-74 1 7;-137 2 7
10 -3 1 m6 -121 4 89;-143 3 11
10 -4 1 m6 -116 4 67;-150 3 13;-107 1 13;-165 2 7
9 -4 1 m5 -171 1 58;-128 3 32;-137 4 11
9 -6 1 m7 -123 7 33;-67 11 25;-76 12 17;-147 10 17;-96 12 8
10 -6 1 m1 77 4 34;95 2 22;65 5 19;18 25 7;126 6 7
10 -6 1 m5 -126 4 54;-168 -2 31;-149 4 8;-98 2 8
9 -5 1 s -171 0 100
9 -4 1 s -167 1 78;-141 2 20
9 -4 1 m2 -166 3 60;93 2 40
7 -6 1 m4 174 0 48;138 1 19;-171 2 15;-149 3 11;-128 5 7
4 -4 1 m2 127 5 37;99 4 28;141 5 14;169 8 8;63 6 6
4 -4 1 m4 -170 6 50;166 2 43;145 12 7
3 -4 1 m4 -171 4 62;165 6 27;155 -5 8
2 -4 1 m3 167 1 68;100 11 11;-168 5 11;124 17 5;147 10 5
2 -4 1 m4 -172 2 42;169 2 30;121 -4 14;-147 4 6;151 3 6
1 -4 1 m4 170 3 54;-152 1 38;67 19 8
0 -3 1 m4 -175 5 48;170 5 41;-106 -3 9
-1 -3 1 m4 170 4 78;-164 4 15
-3 -4 1 m5 173 3 37;128 3 26;-177 4 21;139 4 16
-4 -4 1 s 106 3 33;12 -2 26;129 0 9;54 1 7
-5 -5 1 m5 -170 4 46;-147 4 31;-130 4 15;156 3 8
-6 -5 1 m4 -172 4 43;151 6 17;-5 3 15;173 7 13
-7 -5 1 m5 144 -4 38;-160 4 31;168 4 15;133 -4 15
-7 -5 1 m4 149 -7 43;169 2 31;-174 3 21
-8 -5 1 m4 142 2 37;106 -8 28;125 3 27;164 2 8
-3 8 2 m6 -82 -42 69;-97 -52 31
-3 6 1 m6 -55 -5 32;-35 -6 25;-84 -59 21;-101 0 11
-3 5 1 m7 -35 9 32;141 6 20;118 9 12;99 8 12;84 4 8
-2 4 1 s 149 6 68;126 6 17;162 6 5
-3 5 1 m2 153 5 40;170 10 30;39 0 30
-5 6 1 m5 -123 2 58;-147 10 28;-160 19 8
-5 6 1 s -118 -0 64;-104 -2 30
-10 3 1 m7 -34 6 64;-50 9 18;-15 0 18
-9 3 1 m7 -33 5 60;-17 4 33;-60 8 5
-9 3 1 m0 -36 6 74;-15 7 26
-8 3 1 m0 -54 7 39;-38 2 30;-17 4 13;-81 4 9
-8 2 1 m7 -34 4 38;-59 6 29;-9 2 12;-93 5 8;-75 4 8
-10 1 2 m4 125 8 24;144 3 14;73 8 14;-2 -1 10;106 11 10
-10 1 2 m1 -11 2 65;11 9 22;-28 10 14
-9 1 2 s -62 26 96
-8 1 3 m0 -59 7 36;-15 8 17;56 5 17;72 18 8;32 18 8
-10 -2 3 m6 -36 10 23;-51 11 23;-20 10 23;-80 6 23;-91 7 10
-10 -3 3 m6 -37 12 50;-60 8 29;-17 9 21
-9 -3 3 m7 -12 8 46;-30 9 23;-68 19 15;-59 8 15
-9 -3 3 s -11 7 40;71 -0 31;10 3 21
-9 -4 3 s -8 7 31;-31 5 23;10 6 18;74 0 15;26 4 11
-9 -3 3 m2 59 10 39;9 7 17;-5 8 17;72 9 17;37 8 9
-2 -18 1 m0 6 5 36;33 6 24;80 2 19;54 1 16
-2 -18 1 s 82 1 91;105 4 6
-2 -18 1 m4 83 1 75;137 0 17;118 0 8
-2 -18 1 m5 82 3 43;-144 0 29;-166 3 11;97 7 7
-3 -18 1 m5 -151 0 42;39 5 25;77 4 17;-158 0 17
-2 -17 1 m1 57 7 50;77 5 26;37 9 21
-2 -17 1 m0 55 7 40;34 6 26;13 7 16;81 2 14
-2 -16 1 m2 82 3 71;95 8 19;124 6 10
-1 -14 1 m2 84 2 57;98 -6 42
0 17 1 m6 -89 1 68;-105 4 23;5 25 9
0 16 1 m6 -89 1 48;-101 5 31;-119 2 14
-1 16 1 m5 -106 2 49;-124 3 32;-142 2 16
-4 7 1 s -125 6 65;-141 8 16;-95 5 14
-4 7 1 m4 -126 2 53;-143 6 38;-160 5 6
-5 7 1 m4 -119 1 76;-111 2 13;-144 8 8
-5 7 1 s -109 -1 57;-115 1 39
-5 7 1 m5 -120 3 56;-147 12 44
-5 6 1 m6 -126 5 44;-32 5 19;-101 1 12;-163 17 12;-4 1 6
-5 6 1 m7 -120 2 33;-57 2 25;-78 3 17;-32 5 14;-109 1 6
-5 6 1 m0 -118 -1 37;-104 -23 37;-15 4 7;-63 1 7
-4 6 1 m1 -119 1 45;-5 -2 25;130 7 10;-111 4 5;146 8 5
-4 7 1 m1 -123 -4 37;-56 11 21;82 6 11;129 3 11;-100 -45 11
-4 7 1 m0 -17 -2 36;-81 8 18;-57 11 18;55 6 18;-27 -6 9
-4 5 1 m5 -172 2 50;146 11 20;-56 5 10;158 24 10;-83 10 10
-5 5 1 m6 -145 14 17;-167 9 17;-102 3 17;141 1 14;-10 4 11
-5 5 1 s 138 1 33;107 21 16;-88 2 14;-119 -1 10;-101 2 9
-5 5 1 m2 -167 4 35;118 19 30;141 10 17;111 23 9
-5 6 1 m2 -124 3 29;-168 8 29;-102 -1 23;142 6 10
-9 6 1 m5 -97 2 47;-155 3 33;-121 14 13;-66 6 7
-10 3 1 m6 -32 1 65;-15 4 28;-54 5 7
-7 2 1 s -9 -3 31;-124 -9 28;-84 6 22;-34 3 10;-97 6 6
-8 2 1 m4 -30 9 50;-18 6 30;-132 5 20
-8 2 1 s 60 11 44;-13 2 38;-107 9 6;-58 18 6;-38 9 6
-9 1 1 m5 -150 19 33;171 -3 28;-133 2 11;-88 15 11;-173 3 6
-9 1 2 m4 171 1 43;2 -20 13;147 5 8;-11 1 7;130 7 7
-9 1 2 m1 -8 1 58;-29 3 25;-61 3 17
-9 2 2 s -28 6 74;-78 17 16;-57 12 11
-9 -4 3 m7 -32 11 65;-53 23 19;5 6 10;53 7 6
-9 -4 3 m6 -36 11 79;-52 17 16;-73 22 5
-8 -5 3 s -10 7 46;2 10 34;-28 20 6;100 -3 6
-8 -4 3 m2 -60 28 31;49 12 31;7 10 31;-79 33 8
-8 -4 3 m6 -95 24 21;74 6 21;4 11 21;-27 27 14;-90 18 7
-8 -5 3 m6 -30 21 24;-80 24 24;-11 15 24;2 10 18;-100 17 12
-2 9 1 s -88 -26 79;-99 -20 18
-3 9 1 m3 -116 14 50;-95 -25 33;-73 1 17
-3 9 1 m0 12 16 62;-98 29 19;-81 15 6;-61 12 6;-11 15 6
-3 9 1 m7 -115 13 36;-77 12 27;-61 28 18;-94 14 9;-42 27 9
-3 8 1 m6 -87 -38 53;-99 -40 28;-116 8 16
-3 8 1 m4 -117 0 50;-87 -23 31;-147 15 12;-102 15 6
-3 5 1 m5 164 10 58;-100 -2 8;-70 -1 8;-33 0 8;-58 2 8
-9 6 1 m4 -149 9 36;-127 9 30;-164 14 25;-105 8 6
-9 -1 3 m6 -59 12 40;-30 13 20;-103 9 20;-74 13 13;-125 19 7
-1 16 1 s -89 1 75;-8 4 14
-4 10 1 m5 -121 2 44;-104 -12 44;-86 -43 10
-7 0 1 m6 -81 7 41;-98 -1 35;-122 6 24
-7 -1 1 m6 -76 8 44;-64 9 20;-98 8 16;-139 7 12
-7 -1 1 m5 -142 9 29;-125 5 21;-104 6 14;99 6 14;174 7 14
-8 -1 1 m5 -122 9 43;-104 12 16;-143 9 16;-173 14 16;-86 6 9
-8 -1 1 s 134 8 61;-4 6 17;152 8 9;-153 18 5
-2 -20 1 m0 9 3 32;37 7 24;58 0 20;83 1 8;-15 17 8
-3 -18 1 m4 165 7 64;146 5 21;70 7 7;54 6 7
-4 -18 1 m4 39 5 41;152 9 32;0 3 14
-5 -17 1 m3 15 -7 36;-10 -20 14;-39 -25 14;139 10 9;113 10 9
-6 -17 1 s -17 0 56;4 7 28
-6 -17 1 m6 -35 -1 46;-78 11 31;-100 -10 15;-54 -4 8
-5 -17 1 m6 -17 7 38;36 6 19;-112 29 12;-84 7 6;-44 7 6
-5 -18 1 m6 19 6 29;28 7 16;49 10 13;-52 9 11;-34 7 11
-5 -19 1 m6 122 -0 27;33 8 27;105 1 27;-159 5 9;0 11 9
-6 -19 1 m2 93 -31 85;89 -38 15
-6 -18 1 m2 94 -40 98
-6 -17 1 m2 96 -32 55;7 2 13;54 -7 8;85 -12 5;141 -23 5
-5 -17 1 m7 8 5 65;51 10 20;-36 -1 5;40 0 5;-112 30 5
-5 -18 1 s 39 6 30;-57 1 20;47 9 10;-89 2 10;-106 1 10
-4 -20 1 m0 6 8 77;30 4 17
-2 -17 1 m3 128 10 53;143 8 40;88 3 7
-3 -17 1 m4 79 1 43;-164 1 17;131 8 13;101 -1 10;57 6 7
-4 -17 1 m4 142 -17 21;34 1 21;170 3 11;72 6 11;53 -23 11
-5 -17 1 m4 121 -1 33;5 3 25;-14 -34 17;109 -2 8;177 1 8
-2 -20 1 s 82 0 100
-2 -19 1 m0 10 4 38;83 4 28;54 5 19;-3 9 6;39 6 6
-2 -17 1 m6 85 3 57;-133 6 14;93 4 7;151 3 7;-160 0 7
-2 -17 1 s 83 1 56;55 5 24;95 7 10
-2 -17 1 m5 83 1 27;-146 3 27;148 2 18;-161 4 18;103 2 9
-2 -18 1 m6 79 3 87;-142 0 13
-1 -17 1 m2 81 4 71;95 4 26
-1 -12 1 m2 100 -13 54;83 5 37;118 4 8
0 -9 1 m1 35 4 36;59 -12 30;76 -17 22;12 9 8
0 -9 1 m0 15 6 31;32 0 26;76 -11 25;56 -3 15
1 -9 1 m0 13 5 47;32 -1 30;76 -13 10;57 -8 8
1 -9 1 m1 76 -38 38;59 -35 21;34 -2 19;117 -24 11;104 -16 7
1 -8 1 m1 59 -30 39;77 -43 35;10 10 13;122 -29 6
2 -8 1 m1 31 4 43;53 -24 34;20 8 11;71 -30 6
2 -8 1 m0 17 8 49;32 6 31;52 -16 14
3 -8 1 m1 27 3 41;58 -28 29;15 8 29
3 -7 1 m1 25 6 34;13 8 31;58 -58 23;-2 5 6;-35 3 6
4 -7 1 m1 33 -14 40;14 6 40;53 -27 12;74 -27 8
4 -7 1 m2 58 -39 50;4 22 19;73 -33 19;33 18 12
4 -7 1 s -5 2 58;3 4 20;57 -32 9;35 -15 6;73 -34 5
4 -7 1 m0 10 8 57;-6 5 20;29 2 12
4 -7 1 m3 52 -36 36;15 -4 36;33 -19 18;70 -36 9
4 -7 1 m7 -8 8 35;7 8 35;53 -14 26
5 -7 1 m7 -4 9 40;14 7 35;30 10 15;53 6 10
6 -8 1 m0 63 8 45;93 5 18;36 12 18;84 9 9;16 4 9
7 -8 1 m0 30 9 41;63 8 27;13 4 18;-41 3 9
-1 -17 1 m1 78 5 47;60 6 40;96 5 10
2 -9 1 m1 33 4 50;75 -13 25;21 4 19;100 2 6
4 -7 1 m4 60 -33 37;76 -29 19;-3 3 19;121 -9 15;4 5 7
5 -7 1 m0 10 6 49;31 9 25;-10 6 11;51 7 10
6 -7 1 m0 77 6 32;7 7 24;31 7 11;99 8 11;-21 10 11
-5 7 1 m0 -104 -1 38;1 12 23;-124 4 15;-26 13 8;37 6 8
-4 7 1 m2 -123 12 40;-150 8 20;-72 12 10;167 6 10;140 8 10
-8 2 1 m0 -34 6 43;-14 4 34;-57 6 18
-7 3 1 s -37 -1 53;-126 -1 41;-110 0 6
-3 7 1 m6 -87 -61 50;-100 -17 29;-39 -3 12;-64 -11 8
-3 7 1 m5 -143 2 55;-121 -14 27;-101 -4 18
-5 6 1 m1 -117 0 43;-4 -1 21;4 6 21;-112 3 14
-4 2 1 s -40 -4 50;-51 1 28;-97 1 9;-17 -4 8
-3 -1 1 m6 -93 3 31;-171 4 23;174 -2 23;-89 1 15;6 0 8
-3 -2 1 m7 48 1 29;41 1 12;115 1 12;-38 7 12;-15 11 12
-1 11 1 m6 -86 -8 65;-94 -22 35
-1 10 1 m6 -85 -7 63;-94 -30 35
-1 9 1 m6 -83 -1 61;-96 -29 34
-1 8 1 m6 -81 2 58;-97 -26 27;-57 5 15
-1 7 1 m6 -83 5 66;-97 -17 21;-61 2 7
-1 6 1 m6 -81 6 80;-93 6 13
-1 5 1 m6 -80 7 69;-62 8 19;-99 11 8
-1 4 1 m6 -56 7 54;-38 11 20;-77 9 20
-1 4 1 m5 -54 6 51;-36 10 19;-77 10 19;-99 8 7
-1 4 1 s -50 1 38;15 2 16;-37 11 14;-83 6 11;98 11 8
-1 4 1 m1 -53 7 19;-34 13 17;6 7 16;31 9 14;-7 8 12
-1 4 1 m7 -37 7 49;-81 6 15;-9 7 13;-53 3 13;39 3 10
-1 3 1 m7 -37 11 49;-51 7 34;-13 14 10
-1 3 1 s -27 9 55;3 32 17;-8 14 12;75 12 7
-1 3 1 m0 -37 12 35;-50 5 20;-11 11 20;91 1 15;84 4 10
0 3 1 m0 -57 5 45;-79 3 25;-39 8 13;-98 -1 13
0 3 1 m7 -80 3 43;-57 8 30;-98 -1 17;-39 7 8
0 3 1 m6 -102 -3 44;-121 -0 30;-81 -2 15;-154 5 7
0 2 1 m6 -102 -10 36;-124 -14 22;-149 3 20;-159 2 14;-84 15 7
0 2 1 m5 -126 -19 31;-161 3 31;-148 1 28;-103 -24 6
0 2 1 m4 -162 3 42;-124 -26 31;-149 4 15
-1 2 1 m4 -145 3 28;-167 12 28;-125 -6 28;-109 3 10
-1 2 1 m5 -125 2 39;-151 2 22;-170 -2 17;-58 0 11;-30 0 11
-1 1 1 s -129 2 60;-147 2 16;-73 1 10;-8 3 9
-1 1 1 m5 -123 0 38;-53 1 19;-35 1 19;-153 1 12;-109 2 6
-2 1 1 m5 -128 6 33;-173 4 25;-152 4 17;-86 0 8;-34 0 8
-1 -1 1 m5 -155 4 53;174 -5 33;-178 0 13
-1 -1 1 m4 -174 3 64;-152 6 18;-130 -20 9;176 -3 9
-2 -1 1 m4 -167 5 39;177 2 23;-153 6 20;-128 -13 16
-3 -1 1 m4 -146 7 44;-168 7 40;-130 9 8
-4 -1 1 m4 -123 7 36;-102 6 31;-172 3 20;-142 4 10
-4 -1 1 s -96 5 56;-88 1 38;-114 1 6
-4 -1 1 m5 -103 5 46;-85 2 22;-124 4 16;120 5 10
-5 -2 1 m5 -78 3 26;-62 4 26;-97 6 21;39 4 16;-177 6 5
-5 -2 1 m6 -75 4 39;-59 6 39;-39 6 11
-5 -3 1 m6 -10 10 29;-36 5 29;-54 5 24;2 9 18
-4 -4 1 m6 3 8 47;-84 4 26;93 5 11;-65 5 5;-7 4 5
-4 -5 1 m6 -59 10 29;15 -0 29;-88 4 24;-98 5 18
-4 -6 1 m6 -70 5 19;-19 13 19;-66 8 19;18 0 19;-94 6 12
-4 -7 1 m6 -11 10 38;-95 9 19;-69 12 12;171 6 12;-33 12 6
-4 -7 1 m0 4 8 34;-37 5 21;-7 6 16;-56 4 8;-77 2 8
-1 3 1 m6 -8 20 41;-31 7 28;-52 8 16;8 17 12
0 3 1 s -80 -2 62;-59 -3 32
0 1 1 m6 -99 -5 44;-123 -6 20;-164 -3 16;-75 1 12;-151 -2 8
0 1 1 m5 -100 7 36;-122 2 36;-143 1 18;-168 -4 9
-1 0 1 m5 -145 7 50;-134 4 21;-96 0 21;-165 12 7
0 -1 1 m0 -16 10 58;-31 3 42
1 -1 1 m7 -120 -5 43;-80 2 21;-95 -1 21;-42 2 7;-56 2 7
2 -2 1 m7 -39 7 35;-16 5 26;-126 -1 17;-104 4 9
2 -2 1 m6 -104 4 49;-121 4 23;-148 6 11;-78 4 6
2 -2 1 s 12 0 25;-39 6 16;-108 3 11;57 17 11;-122 4 8
1 -2 1 m4 -132 4 28;-170 12 24;-110 0 16;79 1 12;-156 8 8
0 -2 1 m4 -141 7 32;-176 4 32;177 10 32;-134 6 5
-1 -2 1 m4 163 5 52;155 2 24;-9 -5 10;-178 5 7
-2 -2 1 s 177 1 90
-2 -2 1 m4 149 4 35;129 3 28;-20 -6 15;161 7 12;-31 -9 10
-3 -2 1 m4 103 3 43;121 5 35
-3 -2 1 m3 148 5 29;53 5 22;80 4 16;167 1 14;100 19 12
-3 -2 1 m2 165 4 25;150 3 25;79 6 21;-49 -23 12;40 7 8
-3 -2 1 m1 171 0 30;83 6 20;124 1 20;-46 -14 10;-112 -2 10
-2 -2 1 m0 6 4 69;176 -1 12;-50 -4 6;116 1 6;110 3 6
-3 -1 1 m3 170 8 42;-170 6 42;-138 9 8;157 5 8
-4 -4 1 m5 122 1 26;-126 -2 15;143 3 15;96 2 15;-105 8 11
-4 -7 1 m7 -19 11 30;-57 11 20;-33 15 10;90 2 10;55 2 10
-4 -8 1 m0 55 5 53;31 4 32;-36 11 5;-3 10 5;70 0 5
-4 -8 1 s 7 3 82;52 10 9
-4 -7 1 s 99 1 43;139 -9 33;-175 1 7;126 -1 6
-4 -7 1 m2 -6 4 40;8 8 20;71 2 10;126 20 10;92 1 10
-4 -7 1 m1 -34 5 27;-54 6 27;11 5 18;141 22 18;-12 8 9
-3 -7 1 m0 -77 5 33;-7 1 15;-94 4 11;34 3 7;-63 5 7
-3 -15 1 m2 79 -6 64;108 -1 14;60 6 14;117 20 7
-3 -13 1 m1 57 -20 61;79 11 26;104 10 9
-3 -11 1 m3 102 7 32;122 7 28;81 5 20;139 7 8;62 -2 8
-4 -10 1 m0 54 5 54;32 -0 32;78 -2 14
-3 -10 1 m1 100 7 50;79 7 30;58 2 16
-3 -10 1 m2 100 5 53;77 1 33;118 7 10
-3 -9 1 m2 101 8 49;80 4 23;119 7 21;58 -1 5
-3 -8 1 m2 123 5 39;146 1 28;104 -1 25;161 3 6
-3 -7 1 m3 145 -1 33;170 5 33;126 4 20;-178 2 5;103 -25 5
-4 -7 1 m3 100 3 42;122 6 22;145 3 17;81 2 7
-5 -6 1 m3 103 5 31;83 4 26;144 2 21;120 6 13;-141 6 5
-5 -6 1 s 141 3 59;86 4 41
2 -9 1 m0 14 5 53;30 9 22;77 -6 9;61 -0 7;-24 12 6
3 -8 1 m0 16 8 66;28 1 25;50 4 9
3 -8 1 m2 73 -39 36;61 -59 18;142 -6 18;28 2 18;125 -4 9
-1 14 1 s -89 0 100
-2 14 1 m5 -101 6 70;-86 -0 30
-3 11 1 m5 -121 0 74;-109 2 20;-87 -33 6
-6 6 1 m6 -97 4 50;-82 2 50
-6 5 1 m6 -79 1 55;-96 4 42
-6 4 1 m5 -120 6 29;-79 3 29;-101 4 21;-62 2 21
-8 0 1 m6 -99 5 84;-83 10 8
-8 0 1 m5 -97 6 92;-87 12 8
-8 -1 1 m6 -97 5 82;-11 7 7
-8 -1 1 m7 -96 -1 45;5 8 18;-14 7 18;-47 6 9;-83 10 9
-8 -1 1 m2 -4 8 42;86 8 33;163 14 17;91 4 8
-8 -1 1 m1 8 16 40;-10 14 20;29 18 20;78 8 10;48 8 10
-7 -1 1 m7 -56 12 50;-73 7 41;-34 10 9
-7 -2 1 m7 -57 10 30;-74 11 15;-6 20 15;-34 6 11;-100 11 7
-7 -2 1 m6 -86 12 31;-99 10 27;-33 16 12;-50 9 12
-7 -2 1 m5 -122 9 50;-99 7 42;-88 13 8
-7 -3 1 m6 -76 10 51;-61 22 17;147 18 14;-37 25 9;-92 10 6
-7 -4 1 m6 -73 0 52;-32 23 20;56 8 12;114 8 8
-7 -4 1 s 54 5 33;81 9 23;-102 -40 10;-82 -45 6;-123 -29 6
-7 -4 2 s 10 22 63;-7 17 15;117 18 10;-28 -6 5
-7 -4 2 m0 15 18 53;-69 5 18;24 7 12;-47 -29 12;-28 -3 6
-7 -4 -1 m4 172 3 33;-107 -42 25;-130 -12 17;-80 -5 17;-161 -13 8
-7 -4 -1 s -49 -60 54;-98 -69 20;-86 -42 12;97 -21 6
-7 -4 0 s -100 -57 71;-85 -39 14;-122 -41 10
-6 -4 1 m0 17 13 25;-56 -24 25;-68 -4 17;121 13 17;81 32 17
-7 -4 -1 m6 -102 -65 40;-82 -39 30;-61 -31 30
-7 -4 -1 m7 -79 -41 33;-96 -51 27;-61 -22 27;-40 -37 13
-6 -4 2 m0 11 12 91;-69 5 9
-6 -4 2 s -8 8 49;15 5 25;-31 9 13;-94 49 9
-2 6 1 m0 -10 7 75;-27 8 19;7 5 6
-2 5 1 m0 -15 6 55;-30 6 25;4 3 15
-1 5 1 m0 -34 8 25;-56 8 23;-76 5 18;2 5 16;-15 6 11
-1 5 1 m7 -56 8 39;-77 7 38;-34 8 11;35 4 7
1 2 1 m6 -101 -17 58;-66 8 16;-88 8 16;-119 5 11
1 2 1 m7 -104 -16 60;-77 8 23;-63 10 17
1 1 1 m7 -77 4 39;-60 9 29;-36 8 14;-105 -28 11;-19 4 7
1 1 1 m6 -101 -25 54;-79 1 31;-58 10 15
2 0 1 m7 -34 11 62;-14 3 24
3 -1 1 m7 -14 3 38;-30 7 34;-54 -29 10;-122 -37 10
4 -1 1 m0 -17 7 52;-29 7 36
5 -1 1 m0 -35 6 42;-18 4 35;-58 -0 15
5 -1 1 m7 -57 4 47;-34 6 47;30 2 7
6 -2 1 m7 -102 8 30;-82 -11 29;98 1 9;-40 4 7;-58 5 7
6 -2 1 m6 -106 7 31;-81 7 31;-65 9 12;150 -1 8;87 0 8
6 -3 1 m6 -123 7 36;-99 10 34;-146 -6 26
6 -4 1 m6 -100 8 53;-76 10 22;-124 2 16;-146 11 9
6 -4 1 m4 -96 4 80;-127 12 13;-143 13 7
6 -4 1 s -98 5 26;-144 5 24;-172 -8 22;-125 4 10;-88 4 7
-2 16 1 m5 -126 1 73;-49 6 18;-69 3 9
4 12 0 m0 7 8 47;-37 8 18;-55 7 15;-14 6 11;-70 2 6
5 12 0 m0 5 7 77;51 10 18
5 13 1 m2 128 13 36;162 7 27;146 10 18;-175 6 9;96 20 9
4 13 1 m4 -76 6 35;174 9 25;-172 15 15;-64 3 10;-148 3 10
4 13 2 m4 -73 4 38;-165 15 25;-150 12 19;-67 5 6;-127 4 6
3 13 2 m4 -59 10 33;-141 9 28;-72 2 18;-128 20 10;-12 11 5
2 13 2 m4 -32 32 36;-136 4 18;-133 3 18;-50 25 9;-4 28 9
2 13 3 s -10 29 84;2 35 9;-29 21 7
3 12 3 m7 -72 25 79;-64 23 21
4 11 3 m7 -84 27 64;-100 28 36
5 10 1 m7 -75 11 60;-54 15 20;-93 22 10;-44 0 10
5 9 0 m6 -79 -9 64;-54 6 20;-96 -29 12
5 9 1 m6 -79 -18 66;-59 6 20;-36 4 8
5 8 1 m6 -76 -20 51;-60 -13 24;-31 1 22
5 8 1 s -60 8 75;-40 5 12;29 1 6;55 4 6
7 8 1 m1 58 8 32;31 3 23;9 2 18;-17 4 9;-48 -29 9
7 9 1 m1 36 12 37;47 11 28;73 6 14;8 11 9
7 9 1 m0 31 10 55;-26 15 18;-103 7 9;-52 13 9;22 1 9
8 8 1 m7 -12 6 35;-76 5 29;-54 1 24;-29 -7 12
9 8 1 m6 -85 1 71;-102 -0 24;-113 -18 6
12 5 1 m0 3 5 71;-4 0 25
13 5 2 m0 -9 3 65;2 6 32
15 5 3 m0 178 11 37;-173 21 32;-126 17 26;-150 15 5
15 4 2 m2 144 11 46;-174 15 23;161 15 23;97 10 8
15 4 3 s 176 45 75;-176 19 25
14 4 3 m4 -172 19 40;159 9 30;-155 11 20;-114 4 10
13 4 1 m0 -10 -4 39;2 -2 30;-30 1 22;-55 -2 9
14 4 2 m1 122 14 26;149 11 21;98 19 16;-56 2 16;-29 12 5
15 4 2 m0 -167 11 45;-129 3 18;53 25 9;-110 13 9;127 22 9
-4 10 1 m6 -84 -27 55;-100 -13 45
-4 5 1 m4 172 8 58;-170 5 29;149 8 5
-4 5 1 m3 164 7 47;145 9 35;-169 2 18
-6 6 1 s -80 0 68;-99 -6 21;7 1 7
-6 5 1 m5 -83 4 50;-100 3 25;-117 8 18;-168 1 7
-9 0 3 m0 -32 16 27;6 5 24;57 13 21;32 9 15;-16 24 12
-7 -3 1 m5 -76 16 28;-58 17 17;-156 8 17;-121 18 14;-99 11 10
-7 -4 1 m7 51 28 32;-42 -32 32;-6 27 16;36 48 11;4 44 11
-7 -4 1 m0 55 34 29;78 19 29;-2 19 18;41 32 18;106 29 6
-6 -4 -1 s -121 -10 40;-143 3 20;-174 6 13;177 6 13;-109 -14 7
-6 -3 -1 m3 105 8 60;117 0 20;137 1 10;-175 1 10
-6 -3 -1 m2 103 3 91;-147 4 9
-7 -2 -1 m2 102 4 68;-138 12 11;-93 1 11;128 6 5;157 -5 5
-7 -1 0 m3 142 3 77;120 7 23
-8 0 0 m3 146 -0 65;160 7 35
-9 1 0 m4 173 4 62;126 0 15;-104 4 8;143 -1 8;100 5 8
-9 1 0 s 172 -4 60;47 7 20;107 6 20
-10 1 0 m4 -110 4 25;-62 18 25;36 6 8;-153 35 8;-87 14 8
-10 1 0 m3 57 9 62;27 2 8;91 17 8;-6 7 8;117 1 8
-10 1 0 m2 12 6 45;57 11 15;30 2 10;-3 1 10;-65 -7 10
-10 1 0 m1 1 18 40;-13 -3 30;-76 -9 20;167 15 10
-9 1 1 m0 -9 4 35;-28 2 24;5 3 9;-75 2 9;-121 12 9
-8 1 1 m6 -98 7 45;-155 6 27;-86 10 18;-123 5 9
-9 -2 3 m6 -34 12 44;-61 11 33;-17 12 11;0 15 6;-72 11 6
-9 -2 3 m2 9 6 31;54 10 31;-8 11 15;24 10 15;72 9 8
-9 -2 3 s 63 2 45;14 4 36;37 1 14
-8 -3 3 s -41 7 80;13 8 20
-8 -2 3 m2 -6 10 54;55 12 31;80 13 8;5 13 8
-8 -2 3 s -12 11 55;3 13 19;-52 10 15;-41 10 6
-9 -3 3 m6 -9 6 47;-54 12 18;-71 11 18;7 6 12;-42 7 6
-1 -12 1 m3 102 -21 52;122 5 19;141 3 17;81 -2 7
-2 -11 1 m3 105 -13 41;120 1 32;141 6 16;170 -1 6
-2 -11 1 m4 105 -16 30;-165 -0 26;147 2 15;120 7 11;164 2 7
-3 -9 1 m3 102 -1 46;80 3 24;58 -0 12;123 5 10;40 0 7
-4 -9 1 m3 55 4 28;76 6 19;34 3 17;97 7 15;13 3 13
-4 -8 1 m2 10 4 69;24 7 9;71 4 9;52 5 6
-3 -8 1 m0 101 2 37;76 7 26;62 6 26;-77 8 7
-3 -8 1 m1 145 -0 32;101 5 25;121 3 18;83 5 16
-3 -8 1 m3 124 8 44;142 3 22;102 -27 19;162 6 14
-4 -18 1 m1 36 4 68;57 3 16;72 3 11;17 3 5
-2 -15 1 m3 122 2 54;107 5 28;81 1 9;141 6 7
-3 -12 1 m5 -171 6 43;-150 4 30;53 5 13;77 1 9
-3 -13 1 m6 83 8 50;-64 10 50
-3 -13 1 m7 80 10 50;94 2 25;-58 10 12;66 2 8
-4 -11 1 m3 62 1 37;34 -1 26;81 3 26;114 12 5;91 6 5
-4 -10 1 m2 32 -1 62;59 9 23;71 -3 15
-3 -10 1 m0 79 9 47;58 7 26;96 1 26
-4 -9 1 m2 53 6 44;29 3 39;14 3 17
-3 -8 1 m6 -76 5 32;150 -22 21;-147 2 11;57 7 5;-51 5 5
-3 -8 1 m5 149 -2 33;-162 -4 17;95 -3 17;-130 5 12;59 7 8
-3 -9 1 m4 87 5 45;104 -6 35;24 -1 15;47 9 5
-4 -8 1 m3 33 4 57;4 2 29;48 -1 7;98 11 7
-3 -7 1 m2 148 1 41;162 4 37;111 -48 10;126 6 8
-4 -7 1 m4 148 0 28;100 3 24;170 5 16;123 3 13;-172 6 11
0 16 1 s -90 5 45;73 8 36;-118 -2 12
0 15 1 m5 -124 8 50;-76 4 42;-156 9 8
-2 8 1 m6 -94 -47 58;-86 -38 42
-1 8 1 m7 -58 6 88;-79 8 8;-92 -31 5
-1 7 1 m7 -34 4 40;-56 4 34;-75 -14 15;-20 5 6;-99 -34 6
0 7 1 m7 -34 5 70;-53 6 15;-20 11 13
0 6 1 m7 -32 4 56;-14 7 31;-50 6 8
1 6 1 m7 -31 3 57;-18 7 36;-47 7 5
1 5 1 m0 10 5 39;-12 11 26;31 9 20;55 14 9
2 5 1 m0 -13 8 54;8 6 15;29 6 15;-27 5 10
2 5 1 s -7 -5 72;38 16 8;162 6 6;16 11 5
2 5 1 m4 -149 7 40;-126 8 33;-161 8 27
2 5 1 m5 -165 8 35;-148 8 27;-127 7 15;165 7 14
1 5 1 m4 -156 4 33;174 23 33;-170 6 27;-116 2 7
0 5 1 m4 -128 7 30;-169 13 26;-101 9 22;173 25 11;-142 6 7
0 5 1 m5 -128 7 52;-140 7 24;-106 5 10;-86 6 7;167 20 7
0 4 1 s 40 9 58;126 7 25;-101 9 6
0 4 1 m5 -125 6 28;-103 8 17;-79 3 10;136 3 10;39 9 10
-1 4 1 m4 -98 9 36;-74 6 31;-60 5 17;126 7 8
-1 4 1 m3 34 3 31;166 7 15;73 10 15;-179 5 15;-94 4 8
-1 5 1 m3 165 4 32;-172 7 21;147 5 14;-144 6 11;107 3 7
-1 5 1 m2 168 5 21;125 7 18;60 6 15;100 6 11;81 10 10
-1 5 1 s 3 3 40;-98 12 26;-83 -9 18;174 7 6
1 3 1 s -145 0 75;-169 8 20
0 3 1 m4 167 8 27;-76 3 17;120 12 13;97 6 13;-98 8 10
-1 3 1 m4 -36 9 32;79 6 21;65 10 14;-54 3 11;133 6 7
-1 3 1 m3 79 1 36;97 7 23;10 11 23;140 9 9
-1 4 1 m2 77 8 29;13 3 22;64 6 14;96 7 12;38 2 11
-1 5 1 m4 -166 4 27;173 10 27;-81 7 12;-100 11 12;-144 6 12
-2 5 1 m5 -168 4 41;174 12 32;-155 2 14;-121 7 14
-2 5 1 m6 143 3 40;-55 12 17;170 5 13;-151 7 7;-170 4 7
-3 5 1 s 148 6 27;-29 5 27;172 7 27;-60 4 9;-20 5 9
-5 5 1 m4 -147 17 61;-127 6 22;174 8 9;-172 8 9
-5 5 1 m5 -142 22 30;139 15 30;169 2 20;130 23 10;-131 -1 10
-6 5 1 m4 -122 11 40;-100 6 40;-82 1 20
-9 0 1 m5 -95 6 68;-84 6 24
-9 -1 1 m6 -76 9 40;-52 5 20;-94 1 15;-29 3 10;-16 2 10
-9 -1 1 m5 -83 6 77;-98 8 17
-9 -1 1 m4 -85 5 62;52 3 15;0 6 15;-106 6 8
-9 -2 1 m6 -74 10 46;-98 12 29;-118 19 8
-10 -2 1 m6 -74 7 81;-65 9 19
-10 -3 1 m6 -59 7 67;-72 8 33
-10 -4 1 m6 -32 6 82;-50 8 16
-10 -4 1 m5 -33 6 65;-57 10 18;-77 7 12;21 6 6
-10 -4 1 s -27 3 88;68 3 8
-10 -4 1 m1 -26 5 64;41 9 27;-4 9 9
-9 -4 1 m1 81 5 31;97 8 25;54 10 19;-30 4 12;169 1 12
-9 -3 1 m1 61 9 40;91 -2 30;80 5 20;41 12 10
-9 -3 1 m2 75 6 47;62 7 38;38 16 7
-9 -2 1 m2 60 5 54;7 8 19;-12 7 12;32 17 6;70 15 6
-8 -2 1 m1 62 9 45;79 7 27;13 7 9;105 10 9;38 16 9
-2 7 1 m6 -95 -37 58;-81 -18 25;-125 3 8
-2 7 1 m5 -148 7 77;-163 6 15;-114 4 8
-2 6 1 m5 -146 6 56;-168 3 22;-111 4 11;-113 5 6;177 5 6
-2 6 1 m4 -143 4 39;-169 4 32;172 8 23
-6 3 1 m5 -123 -2 37;-33 -5 30;-60 2 19
-6 3 1 m7 -59 6 70;-76 -3 30
-8 1 1 m3 171 1 21;-176 -4 21;131 5 21;82 0 16;140 17 11
-8 1 1 s 65 13 100
-7 1 3 m0 -16 11 36;-58 11 36;76 22 23
-6 1 3 m1 -1 8 18;0 8 18;-78 8 18;126 25 18;-39 12 9
-6 1 3 s -27 6 33;-72 6 26;-17 10 20;-60 11 17
-6 1 3 m2 -61 12 29;-4 7 29;148 22 21;158 14 7;30 14 7
-6 0 3 m6 -105 19 45;-78 14 36;-54 14 18
-4 11 1 s -109 0 88;-135 4 12
-5 11 1 s -101 1 100
-4 11 1 m6 -85 -2 72;-116 -5 17;-98 -2 11
-4 2 1 m2 -7 2 50;28 3 25;-103 3 25
1 -8 1 m0 5 11 58;-3 12 37;70 -29 5
6 -7 1 m1 101 8 49;81 12 18;117 6 18;34 8 8;60 12 8
6 -7 1 s 73 2 49;101 8 30;30 1 12
5 -7 1 m4 100 14 44;-3 3 25;5 6 19;-168 5 6;74 -39 6
5 -7 1 s 11 1 34;30 -11 23;54 -0 19;100 14 14;-9 4 10
6 -6 1 m2 121 7 41;77 6 22;103 10 20;63 2 7
2 -4 1 s 101 -3 92
2 -4 1 m1 98 3 64;61 7 21;83 3 14
2 -2 1 m2 100 5 33;126 1 25;74 13 17;-28 12 12
2 -2 1 m0 -10 -0 65;-105 4 15;-85 -13 12
4 -3 2 m1 97 16 31;78 16 31;51 8 12;40 7 6;-9 15 6
5 -3 2 m2 144 26 38;123 22 19;107 15 10;-21 26 10;19 0 10
5 -3 1 m2 60 12 23;-95 1 15;165 25 15;-119 3 15;-165 16 15
4 -2 1 m3 -167 15 49;-149 11 29;-31 -8 9
4 -2 1 m4 -151 9 55;-75 8 13;-128 13 9;-165 17 9;147 7 9
4 -2 1 m5 -118 16 35;-79 9 24;-106 16 12;-156 4 12;-164 3 6
4 -4 1 m6 -35 2 27;-78 11 20;-61 14 13;178 -2 13;-127 7 13
4 -5 1 m7 8 15 45;-8 8 25;-35 12 20;30 11 10
5 -5 1 m0 62 8 38;34 11 27;12 18 15;-17 43 8;80 7 8
5 -5 1 m5 -143 6 43;-123 7 14;-97 5 14;-88 6 14;171 1 7
4 -4 1 m5 -170 4 50;-52 9 21;-21 0 7;-99 13 7;-78 11 7
4 -4 1 s -168 -0 50;171 -2 32
5 -5 1 s 74 1 52;-132 6 17;52 12 12;-144 4 12
5 -4 1 m2 77 0 47;63 4 25;-95 1 12;124 7 6
5 -4 1 s 63 -6 52;-76 -1 30;76 -0 10
5 -4 1 m1 77 0 69;66 0 8;123 7 8;24 8 8
6 -3 1 m1 99 3 48;78 8 15;119 1 11;-102 7 11;52 7 8
6 -3 1 m0 98 3 53;78 3 27;38 12 13;53 -5 7
6 -3 1 s 106 1 53;-133 -0 26;-110 0 9
6 -3 1 m5 -121 11 43;-109 9 18;52 -5 14;-142 10 7
6 -2 1 m2 144 3 59;118 5 11;58 5 7;164 3 5;105 2 5
6 -1 1 m2 40 5 29;12 5 19;53 7 16;73 4 16;173 4 10
6 -1 1 m1 57 7 23;15 10 15;-16 13 15;-76 2 15;86 2 8
6 0 1 m2 76 3 33;174 4 30;-176 4 23;156 4 7;3 3 7
6 1 1 m2 73 4 50;97 4 28;-171 2 11;179 4 6;118 4 6
6 2 1 m2 101 3 56;74 3 44
6 3 1 m2 76 3 32;123 5 28;110 5 20;-92 1 16
6 4 1 m2 -92 1 31;147 6 27;172 5 27;-143 3 8;133 4 8
6 4 1 m3 165 5 36;-92 2 36;156 6 18;-143 3 9
6 5 1 s -78 3 32;-116 1 26;-107 1 21;174 11 16;135 15 5
6 5 1 m6 -77 -1 55;-107 6 27;-124 0 18
6 4 1 m6 -93 3 70;-85 -2 30
6 3 1 m6 -100 1 60;-86 5 33;-117 1 7
5 2 1 s -38 -1 51;-15 -5 38;-59 1 10
6 5 1 m4 -170 6 75;-146 9 20;164 11 5
5 5 1 m4 -167 3 38;-100 2 23;-148 18 15;-120 15 15;-80 5 8
5 5 1 s 172 9 30;-12 6 15;-97 10 14;7 14 14
5 4 1 m6 -102 -3 40;-83 -21 40;-142 11 20
5 4 1 s -81 -15 62;-126 -24 12;-15 -3 10;-96 -22 6
5 4 2 s -82 -10 35;121 33 17;61 27 11;-20 -9 10;-96 -11 9
5 4 2 m6 -85 -7 53;-102 3 32;-119 2 15
5 4 2 m5 -123 4 70;-145 5 10;62 17 10;-97 3 10
5 3 2 m5 -141 9 32;-52 8 20;-128 12 20;-78 4 16;-104 -0 12
4 3 2 m5 -102 5 50;-165 3 31;-124 7 12;-147 5 6
4 3 2 m4 -102 1 76;-124 7 12;134 16 6;105 18 6
3 4 2 s -72 4 31;-116 0 31;143 -83 16;134 -84 9
3 3 2 m6 -18 0 27;-107 14 27;-87 1 20;-114 12 13;-152 0 7
3 2 2 s -146 4 38;-165 4 27;-28 2 23
3 3 2 m2 -80 22 62;-123 16 23;-179 18 8;-111 15 8
4 3 2 m6 -85 2 30;-154 1 20;-31 6 20;-119 7 20;-107 0 10
4 2 2 m6 -76 16 39;-141 11 39;-63 3 17;-101 9 6
4 2 2 s -107 2 33;-143 10 21;-65 11 20;-79 11 16
4 2 2 m4 -169 7 41;-95 6 24;-148 7 12;-79 9 12;-64 12 6
3 2 1 m5 -105 -19 65;-86 -10 18;-59 -29 12;-45 4 6
2 2 1 m5 -103 -12 60;-86 -14 30;-46 -21 10
2 2 1 m6 -101 0 59;-85 -15 27;-55 -39 14
2 1 1 m6 -104 -7 53;-84 -6 14;-119 3 10;-38 5 10;-144 9 7
2 0 1 m6 -106 4 50;-169 3 18;-121 -4 14;-37 5 11
2 0 1 m5 -107 3 49;-127 -7 24;-80 -4 9;-151 -0 9;-171 4 7
2 0 1 m4 -171 7 50;-125 5 19;-108 3 15;-151 3 8
1 -1 1 m5 -134 -35 37;-108 3 32;-145 1 26;-88 -32 5
1 -1 1 m6 -126 -1 33;-100 -8 29;-79 -5 24;-178 -0 9
1 -2 1 m6 -103 -5 43;-151 4 20;-127 5 11;-80 5 11;-163 4 9
1 -2 1 m5 -168 6 34;-125 7 25;-148 8 25;80 3 9;101 2 6
0 -2 1 m5 -169 4 45;60 3 27;-149 3 9;-97 -15 9;176 3 9
-2 -2 1 m3 128 4 57;145 5 36;102 6 7
-3 -2 1 s 137 2 56;80 4 16;13 1 16;121 3 6
-5 -1 1 m4 -171 4 64;174 3 18;-72 1 7;145 6 7
-6 -1 1 m4 -171 5 39;168 5 18;147 8 14;-144 6 11;120 9 8
-6 -1 1 m5 -149 7 47;-124 7 47;177 6 7
-6 -2 1 m5 -147 9 36;101 17 36;-115 9 9;170 10 9;144 7 9
-6 -5 2 s -169 27 95
3 -7 1 m0 9 7 72;-5 6 26
2 -4 1 m2 101 3 79;171 2 14;148 10 7
2 -3 1 m6 -164 5 48;-31 10 24;-129 4 12;-85 6 8;-152 4 8
4 -3 1 m0 -52 12 23;-31 -1 23;175 1 23;-15 -1 15;6 4 8
3 -4 1 m3 169 6 38;-177 5 23;150 11 15;124 17 15;100 11 8
-3 -17 1 m0 32 9 42;76 -7 27;16 5 23;49 7 6
5 -7 1 m1 33 -4 46;56 11 42;72 -23 12
2 -2 1 m4 -101 1 27;-13 11 18;-124 1 18;-46 3 9;-173 2 9
4 -3 2 m2 104 14 39;121 20 19;24 2 13;20 4 10;160 5 6
4 -3 1 m2 81 6 19;95 3 17;145 9 13;32 -3 10;169 18 10
3 -3 1 m6 -171 1 38;-74 9 31;-95 5 25;-57 7 6
6 -2 1 s 149 1 37;-118 1 13;164 -0 11;78 2 10;-8 -3 5
0 15 1 m6 -99 4 41;-89 1 41;-124 13 10
-1 9 1 m7 -63 11 61;-86 -3 22;-94 -19 17
1 7 1 m0 -14 7 71;4 9 24;-41 7 6
1 6 1 m0 -11 8 81;-33 4 13;0 10 6
2 6 1 m0 -16 8 51;-28 6 23;-60 -14 12;3 7 7
2 6 1 m7 -29 6 70;-17 6 25
3 6 1 m7 -30 8 77;-74 -40 15;-16 7 8
3 5 1 m7 -30 8 64;-49 9 15;-14 8 15
4 5 1 m7 -76 7 44;-61 11 22;-36 3 22;-105 13 9
4 5 1 m0 -55 6 28;-33 6 26;-9 8 17;-77 7 15;8 13 7
4 5 1 m6 -84 8 57;-103 -13 21;-63 7 21
4 5 1 s -79 2 31;-101 2 31;-58 3 16;-124 5 7
4 5 1 m5 -126 5 40;-143 6 23;-103 8 23;-83 9 11
3 5 1 m5 -145 3 45;-125 -4 31;-164 5 14;-92 3 7
3 4 1 m5 -100 -1 34;-122 -1 30;-143 -0 17;-85 3 16
3 4 1 m6 -83 4 62;-101 -13 34
3 3 1 m6 -103 -17 65;-84 3 32
3 2 1 m6 -105 -20 54;-84 3 19;-57 1 11;-119 5 6
3 1 1 m6 -59 -13 43;-19 6 20;-82 3 13;-102 0 9;-169 1 9
3 0 1 m6 -59 -36 35;-12 1 33;-82 3 21;-30 13 9
2 -1 1 m6 -105 4 58;-147 8 11;-12 3 8;1 12 8;57 6 8
3 -1 1 m0 -16 3 59;12 3 21;-31 6 17
5 -2 1 m7 -38 3 46;-80 -21 25;-102 -8 17;-5 2 12
5 -4 1 m6 -81 6 50;176 6 29;-97 7 14;-172 4 7
3 -1 1 m4 -171 7 25;-154 3 25;-74 5 10;-11 0 10;169 11 10
2 -1 1 m5 -122 7 36;-147 9 27;-92 2 9;-27 1 9;-17 2 9
2 -1 1 m2 105 7 35;86 2 30;114 7 15;13 2 5;23 3 5
2 -1 1 s 115 11 32;165 11 13;-107 -11 10;23 3 10;-116 -1 6
2 0 1 m3 147 6 29;-166 9 29;-155 3 14;167 1 14;131 6 7
1 0 1 m5 -105 -1 47;-128 -6 35;-90 -21 12;-136 1 6
0 -1 1 m4 -174 3 80;168 9 20
-4 -1 1 m6 -98 3 46;-86 2 46;-115 0 8
-4 -2 1 m6 -84 3 74;-104 2 26
-4 -2 1 m7 -85 3 56;-106 2 33;-14 22 11
-4 -2 1 s -86 1 68;-97 2 16
-4 -2 1 m4 -76 0 54;-100 2 21;-145 4 17;-66 2 8
-4 -2 1 m0 -78 0 69;-97 3 31
-2 15 1 m5 -125 2 43;-143 8 27;-89 5 15;-105 3 10
3 5 1 m4 -165 6 41;-4 -4 29;175 5 15
3 0 1 m7 -34 6 42;-15 -1 35;-59 -12 23
4 -1 1 m7 -34 6 70;-51 4 17
5 -3 1 s 166 -1 34;154 4 18;-87 1 16;6 -6 16;-115 8 10
4 -1 1 m3 169 5 53;149 8 35;-137 -33 6;-130 -36 6
3 0 1 m5 -60 -51 71;-173 0 29
4 -1 1 m1 9 3 50;-10 2 30;-141 -34 20
5 0 1 m1 -16 2 77;-24 1 23
7 -1 1 m7 -37 6 50;-66 3 50
9 -2 1 m7 -82 7 70;-62 10 20;-43 6 10
9 -2 1 m0 -2 5 36;-88 4 36;-91 1 27
11 -3 1 m7 -19 4 42;-29 5 33;-51 7 25
12 -3 1 m7 -173 -0 40;-18 6 27;176 -3 13;-61 6 7;-38 6 7
14 -5 1 s 150 2 63;123 -8 25;175 -4 12
14 -6 1 m6 102 8 64;-74 2 23;-117 6 14
14 -6 1 s 98 4 100
14 -6 1 m2 97 11 67;83 9 17;117 7 17
14 -5 1 m2 99 15 36;81 10 21;122 2 21;166 -1 14;141 6 7
13 -3 1 m2 177 -1 40;-14 12 30;-174 -4 10;66 -4 10;9 -3 10
12 -2 1 s -110 0 84;-113 0 16
12 -3 1 s -122 -3 39;150 4 23;-165 7 16;170 4 11;-111 0 9
15 -5 1 m6 146 4 55;169 -2 25;-115 -8 15;-48 -26 5
15 -6 1 m2 76 2 46;102 5 46;120 7 8
14 -3 1 s -168 4 98
4 -2 1 m2 -166 15 29;30 -2 29;-155 14 18;17 -1 11;-12 -17 7
-4 -19 1 m0 3 5 76;31 3 11;-3 82 5;70 10 5
4 -3 1 m4 128 4 55;-173 7 14;139 3 14;177 2 7
4 -2 1 s -148 8 30;-83 -10 26;-27 -13 17;-59 4 9;20 10 8
5 -3 1 m6 -102 -1 33;-85 0 25;-164 14 17;-115 0 8;-35 3 8
4 -4 2 m6 15 6 28;-169 6 22;30 9 22;169 5 14;-13 19 6
4 -4 2 m5 147 8 54;167 7 29;115 3 11
4 -4 2 m4 149 7 50;167 8 24;120 6 16;21 1 5
4 -4 2 m3 148 7 50;126 6 21;52 11 12;172 6 12
3 -4 2 m3 171 2 38;101 2 25;119 11 12;46 21 12;-178 1 6
3 -3 2 m3 122 7 38;148 6 33;107 8 17;82 8 7
3 -3 2 m2 104 7 20;167 4 18;129 9 16;-173 4 16;35 19 9
3 -3 2 m1 124 9 47;8 11 21;151 9 16;84 13 11;104 6 5
3 -3 2 m5 119 9 42;-168 18 17;172 6 17;-67 18 8;110 12 8
3 -3 2 m6 165 0 45;-172 10 14;-85 12 14;-98 12 14
4 -3 2 m0 165 6 27;131 14 27;12 13 18;64 13 9;44 15 9
3 -3 2 m4 171 9 35;-154 24 15;128 9 12;85 8 12;100 10 12
3 -3 2 s 116 7 37;153 6 24;165 2 15;-174 1 7;-99 9 6
3 -3 2 m7 -14 15 46;-66 10 15;117 13 15;-117 16 8;-70 12 8
3 -4 2 m4 165 4 50;152 9 19;-80 8 19;68 21 6;-99 7 6
0 16 1 m7 -36 5 36;-56 4 18;-81 9 14;-116 -4 14;0 3 9
0 7 1 m0 -13 7 64;8 9 18;36 5 14
-1 16 1 m7 -51 9 42;-78 5 17;-17 5 17;-42 8 17
3 -1 1 m6 -14 5 64;-41 -32 18;-59 -51 9;-89 3 9
3 -1 1 s -58 -9 41;-11 -2 27;-79 -4 11;-41 -5 6;-105 -5 6
8 3 1 m2 80 1 50;104 7 50
11 5 1 m0 -15 -8 44;-36 2 31;-80 1 19;-94 0 6
13 4 2 s -14 -26 99
14 4 2 m7 -39 9 33;-107 8 28;-84 8 17;-128 10 11;-53 14 6
12 3 2 m6 -84 3 69;-92 7 31
13 2 2 m7 -116 4 38;-110 2 31;51 5 23;31 2 8
13 2 2 m0 30 7 41;-100 4 29;50 6 24;-90 3 6
14 3 2 m0 78 10 52;14 4 29;102 11 14
14 4 2 m2 170 9 60;128 11 20;136 9 10;108 10 5;-178 9 5
14 4 2 s 170 9 74;152 12 8;128 18 5
13 4 2 m4 -175 18 73;-101 4 18;-132 8 9
12 4 1 m4 174 7 62;-177 8 33
11 5 1 m3 122 12 45;-169 -6 27;-104 -2 18;-69 2 9
5 -16 1 m1 78 -6 64;62 -1 33
6 -11 1 m1 53 7 75;37 5 19;20 4 6
8 -11 1 m2 80 6 80;149 -1 10;175 -1 10
9 -11 1 m2 84 3 83;63 5 17
9 -9 1 m1 78 3 78;98 7 16;63 4 6
10 -8 1 m1 80 1 69;58 4 27
11 -7 1 s 170 3 42;95 -1 39;142 4 10
9 -7 1 m4 170 2 53;144 4 21;97 1 16;67 5 5;69 5 5
5 -12 1 m1 33 1 46;52 -3 31;74 -35 15;13 8 8
8 -10 1 m4 96 4 19;78 6 19;-146 17 19;-127 12 19;120 2 19
8 -10 1 s 79 1 46;40 12 43;51 9 11
9 -8 1 s 60 -11 95
10 -7 1 m1 63 6 50;79 3 38;38 27 12
11 -5 1 m1 80 5 44;101 2 39;66 7 11;137 0 6
11 -5 1 m2 80 4 49;100 3 32;138 0 14
11 -4 1 m2 81 3 43;102 -7 34;59 5 13;128 -3 7
11 -3 1 m2 99 3 30;31 5 24;122 3 24;82 4 11;45 2 5
13 -3 1 m0 9 3 80;-6 7 7
12 -3 2 m4 96 5 38;124 8 28;85 4 24
12 -2 2 m3 -177 7 38;170 9 28;150 11 15;98 7 10;122 12 5
12 -2 2 s -177 8 56;174 4 32;149 10 6
12 -1 2 s 171 3 39;147 4 16;-174 5 13;104 1 13;-151 7 13
12 -1 2 m2 64 3 22;167 4 19;143 6 19;96 9 19;82 7 9
12 -1 2 m1 77 7 70;92 8 30
-4 -20 1 s 82 4 54;1 6 25;61 2 10;123 7 6
5 -16 1 m0 79 1 57;58 -1 21;90 3 18
6 -11 1 m6 84 -17 53;-53 10 35;-42 6 12
7 -12 1 m7 27 10 47;57 7 24;20 2 18;147 0 6;131 1 6
7 -12 1 s 149 0 23;116 2 23;19 3 15;56 7 15;99 5 15
8 -12 1 m0 78 3 48;58 3 21;13 9 15;37 6 15
8 -12 1 m1 76 3 60;61 2 40
8 -10 1 m2 76 5 65;61 3 12;36 6 6;-118 10 6;19 12 6
11 -6 1 m1 80 2 46;60 11 23;98 3 15;125 -0 8
13 -3 1 m7 -7 7 46;7 3 38;171 -3 15
15 -3 1 m1 123 -7 31;149 -12 25;162 -15 25;106 -4 19
12 -3 2 s 85 -1 83;93 3 17
12 0 2 m3 143 10 42;169 10 25;-174 5 25;81 19 8
12 0 3 s -174 6 85;173 6 11
12 2 2 s -124 7 35;-36 0 24;123 7 18;-74 3 18;135 7 6
9 0 1 m4 175 -0 57;-85 1 21;110 3 14;-179 1 7
9 0 1 m6 -177 2 33;174 1 27;-78 3 20;136 -7 7;-120 1 7
8 -1 1 s 173 1 100
5 -10 1 m1 78 4 86;7 -1 7;-20 7 7
9 -11 1 m3 85 2 100
9 -9 1 m3 83 -2 42;122 11 26;98 8 21;158 3 11
10 -1 1 m2 95 2 70;54 -5 20;84 5 10
0 8 1 m6 -74 5 78;-65 2 22
0 7 1 m6 -73 13 33;-29 2 30;-58 2 24;-14 3 12
3 5 1 m0 -13 7 63;-29 8 28
2 -3 1 s -124 5 62;-139 7 15;-163 3 15;-104 0 8
1 -3 2 s -102 10 40;-9 11 30;-72 22 20;-65 18 10
3 -4 2 m0 -34 7 30;5 15 30;-71 7 20;-19 7 10;-125 9 10
3 -4 2 m7 -73 8 42;-121 12 33;-56 6 8;-107 12 8;-12 17 8
3 -4 2 s -63 10 62;163 -0 22;-72 8 9
4 -4 2 m0 11 8 41;27 16 24;95 35 18;-1 6 6;55 35 6
4 -4 2 m2 146 14 50;1 5 19;-11 15 12;33 13 12;-28 12 6
4 -4 2 s 54 2 25;14 7 16;74 5 15;151 8 13;36 4 9
3 -2 1 m4 13 0 45;-129 5 27;-142 4 18;-171 0 9
1 -3 1 m4 -174 5 55;170 -1 40;-131 3 5
-3 -3 1 m4 -130 3 39;-145 3 22;122 9 22;143 5 8;166 2 8
-5 -7 1 m0 -14 5 34;3 6 31;30 5 21;-25 4 14
-5 -8 1 s 36 1 91;11 2 9
-5 -8 1 m4 -175 4 62;172 2 23;36 1 15
-3 -7 1 m5 -174 3 50;145 -2 30;179 4 10;132 -3 10
-3 -7 1 m4 -173 3 39;171 2 34;150 -1 16;124 7 11
-5 -7 1 m4 169 4 38;148 5 24;100 5 12;129 -8 8;84 2 6
-6 -7 1 m4 170 7 29;143 4 25;128 1 23;-176 6 9;23 1 9
-6 -7 1 m3 140 4 41;130 -10 31;169 5 6;-135 13 6;78 5 6
-7 -7 1 m3 125 -1 50;137 2 25;169 6 7;46 2 7;106 -1 5
-7 -6 1 m1 -12 2 76;23 0 14;1 3 10
-6 -7 1 m6 -13 3 39;10 5 26;-58 3 13;-36 6 9;-169 13 9
-6 -7 1 m7 -9 9 36;19 7 29;-61 5 21;-25 5 14
-6 -8 1 m6 -65 6 55;-30 4 18;48 3 18;6 4 9
-6 -8 1 s 78 1 69;6 5 31
-6 -7 1 m0 -9 3 44;16 9 31;37 5 12;-24 6 12
-5 -6 1 m1 39 4 60;61 5 20;79 7 20
-4 -5 1 m2 73 9 44;63 12 12;129 8 12;43 2 6;22 1 6
-4 -4 1 m2 25 6 40;97 5 27;5 4 20;52 12 13
-4 -4 1 m1 48 9 25;125 1 25;7 8 17;26 5 17;98 4 17
-3 -4 1 m0 12 5 58;26 4 42
-3 -4 1 s 6 5 100
-1 15 1 s -86 -0 94;-96 -3 6
-1 15 1 m4 -102 2 42;-125 6 21;-143 6 16;-88 16 11;-172 14 11
0 6 1 m0 -12 7 71;4 2 29
4 5 1 m4 -5 -5 29;-145 17 20;-122 14 17;167 7 9;-162 21 9
2 1 1 m5 -109 -18 50;-40 -3 19;-117 -15 12;46 -7 6;12 -13 6
0 0 1 m5 -127 6 55;-141 4 20;-104 4 10;-171 3 10;167 1 5
-2 -1 1 m5 -163 8 91;-144 10 9
-4 -2 1 m2 143 12 30;31 8 20;5 3 20;127 14 20;162 13 10
-4 0 1 m5 -106 6 50;165 5 29;151 6 14;-113 6 7
2 5 1 m7 -16 10 38;-27 6 19;10 8 19;137 14 6;162 11 6
2 5 1 m6 162 11 26;-80 -1 17;-175 10 13;59 11 9;-149 3 9
2 5 1 m2 7 4 42;-9 6 31;124 8 8
2 5 1 m1 31 9 29;10 8 23;-7 7 16;146 8 10
3 4 1 m4 -96 7 47;-120 6 35;-137 8 18
1 1 1 m3 142 7 50;130 6 50
0 3 1 m3 145 11 50;-100 6 20;130 14 20;162 11 10
6 -14 1 m1 94 1 64;120 -24 27;86 2 9
6 -14 1 m2 93 1 66;127 -31 18;80 -27 16
6 -13 1 m3 92 2 38;132 -44 23;85 3 23;135 -45 15
5 -13 1 m6 -98 8 36;80 -4 32;-82 6 28
5 -14 1 m6 -103 8 65;-115 4 20;-85 6 15
5 -15 1 m6 -122 5 33;-144 4 27;81 -4 20;-110 7 17
5 -15 1 m5 -130 -2 33;121 0 17;85 -1 17;-149 0 17;-164 5 8
5 -16 1 m5 -168 2 40;-146 1 35;82 -18 20;90 -23 5
4 -16 1 m4 -170 2 59;170 3 15;83 -2 9;148 2 9;95 12 6
5 -16 1 m2 81 -12 100
6 -13 1 m2 92 -0 54;84 -14 31;133 -41 8;49 11 8
6 -12 1 m2 54 7 40;84 -4 30;30 12 15;90 -1 9;12 14 6
4 -16 1 m5 -172 3 50;170 1 21;85 -5 13;103 -17 5;155 -2 5
5 -12 1 m6 -92 11 40;-85 7 30;81 -1 30
6 -13 1 s 92 -0 100
5 -9 1 m2 81 -5 72;51 -8 9;98 0 6;116 1 6
6 -8 1 m2 84 5 40;93 3 40;-10 7 13;52 8 7
4 -2 1 m1 -11 -3 33;14 -1 26;-32 -5 15;-54 5 7
5 -3 2 m5 -129 6 40;33 -1 20;-83 5 10;-29 6 10;-6 5 10
3 -2 2 s 120 13 72;-169 1 19
3 -2 2 m1 53 22 29;119 13 29;96 21 14;79 20 14;8 24 7
4 11 0 m0 -32 21 45;-58 -2 27;-82 -10 18;-19 17 9
5 11 0 m7 -81 -2 81;-61 7 19
6 8 1 m6 -81 -8 53;-93 -14 47
6 7 1 m6 -80 -3 42;-96 3 30;-148 3 9;-59 6 6;14 12 6
6 7 1 m5 -126 5 37;-99 -1 30;-147 2 19;103 3 11
5 6 1 m5 -139 11 30;-128 6 25;-165 6 20;-5 8 15;-71 -48 10
-1 6 1 m5 -79 8 47;-168 5 16;-105 13 11;-120 4 11;177 26 5
-9 -3 1 m0 -44 4 60;-82 8 10;-51 4 10;71 18 10;109 18 10
-9 -3 1 m7 -80 16 33;-36 11 27;-94 17 20;5 21 13;50 19 7
-9 -3 1 m6 -85 11 56;-61 14 21;-94 14 15;0 5 6
-9 -3 1 m5 -79 11 72;-100 10 11;-53 6 6;-31 8 6;5 5 6
4 10 0 m7 -57 7 92;-75 0 8
6 7 1 m7 -84 -8 47;-52 4 18;-43 7 18;-12 -2 9;-93 5 6
6 7 1 m0 -56 1 30;-7 4 26;5 3 15;31 7 11;-23 5 7
6 7 1 m1 35 6 33;9 4 28;53 7 17;-70 3 13;-60 4 7
7 7 1 m1 13 1 40;-12 10 40;58 11 20
8 8 1 m1 -39 -4 58;-77 1 21;-18 0 17
8 8 1 s -31 -9 57;-16 2 22;-74 0 20
7 8 1 m4 -128 4 50;-102 -1 25;-143 5 25
6 8 1 m4 -124 1 50;-87 -7 25;-147 1 25
6 8 1 m3 -86 -5 50;131 5 40;-160 3 10
7 7 1 m0 -7 5 65;8 7 18;-27 0 8;-166 4 5
8 7 1 m0 -13 3 38;-35 -1 25;-78 1 17;-54 1 11;1 15 9
8 7 1 s -81 1 50;-15 7 18;-61 0 13;-32 -1 8;179 1 6
10 6 1 m7 -81 6 30;-57 11 25;-44 3 25;-98 3 15;-19 0 5
10 6 1 m6 -124 9 46;-94 2 38;-82 5 15
11 5 1 m6 -104 7 42;-37 -3 25;-73 5 17;-52 2 8;-143 -26 8
15 4 2 s 150 14 56;165 17 42
14 -2 2 m0 -85 29 39;-38 33 22;-47 30 11;-149 8 11;-135 18 6
12 -3 1 m3 171 2 40;-147 5 35;-126 1 15;-169 3 10
-3 15 1 m5 -125 2 50;-140 6 27;-106 2 17;-90 0 7
-3 14 1 m5 -107 4 47;-120 4 42;-90 0 10
-4 14 1 m5 -121 5 43;-105 2 33;-139 3 20
-4 13 1 m6 -95 -4 46;-85 3 46;-117 3 5
-4 12 1 m6 -83 -4 66;-92 -26 28;-63 14 7
-3 12 1 m6 -96 -7 40;-88 -17 40;-63 14 20
-3 11 1 m6 -99 -8 55;-86 -17 39;-115 -0 6
-3 11 1 m7 -78 -6 60;-94 -17 30;-64 9 10
-6 3 1 m1 60 4 53;75 -10 32;-54 2 16
-6 4 1 m2 61 2 43;37 5 36;75 6 21
-6 5 1 m2 5 2 64;34 3 29;-71 -34 7
-5 5 1 m1 -177 11 50;-5 0 40;138 1 10
-3 7 1 s -8 -4 92;-103 -15 7
-10 0 2 m4 -8 12 50;84 2 20;108 6 10;-49 3 10;147 3 10
-10 0 2 s -9 13 100
-9 1 3 s -58 7 44;-9 1 40;-31 4 13
-10 -2 3 m2 58 6 74;70 8 22
-8 0 3 m1 -53 9 33;19 11 24;25 13 14;107 19 10;131 19 10
-8 1 3 m1 61 11 54;75 19 29
-1 14 1 m7 -57 6 56;-86 2 22;6 -3 11;-98 7 11
6 6 1 m7 -83 -2 35;-42 7 27;-62 4 27;-95 -3 12
6 6 1 m6 -98 -1 49;-81 2 23;-125 2 9;-164 5 7
7 5 1 m7 -87 -5 60;-96 -7 15;-41 6 15;-55 4 10
7 4 1 m6 -97 -27 64;-85 2 36
7 3 1 m6 -80 -1 64;-96 -33 36
7 2 1 m6 -75 5 60;-96 0 40
7 -1 1 m6 -92 -6 60;-85 4 30;-113 -37 10
7 -2 1 m6 -93 0 58;-89 5 42
7 -6 1 s 142 1 86
6 -6 1 s 134 0 48;-98 1 26;135 0 22
-2 15 1 m4 -144 2 42;-129 3 16;-90 0 16;-105 14 16;-164 2 11
-3 12 1 m7 -88 -17 75;-93 -12 25
-6 -2 1 m2 97 19 52;32 10 19;89 20 11;19 8 7
-7 -2 1 m2 103 13 50;30 9 11;78 16 11;45 19 11;134 17 6
-6 -1 1 s 108 6 33;139 5 28;-142 22 17;-167 13 10
-4 -3 1 m6 -11 11 69;3 3 23;-26 2 8
-4 -3 1 m7 4 4 80;-61 6 20
-4 -3 1 m3 102 3 44;-25 6 19;66 2 12;116 8 12;-117 2 6
-4 -1 1 m0 10 3 71;-6 14 24;-101 2 6
-3 -1 1 m0 13 -0 24;-5 4 24;24 2 24;179 -3 18;-113 6 6
-1 -1 1 s -17 5 73;-100 -41 27
1 -1 1 m1 28 7 65;17 2 18;-123 -15 18
6 -1 1 m0 -99 10 45;-11 3 36;-64 19 9;-30 6 9
6 -7 1 m6 -98 5 23;-125 10 23;-54 4 15;-156 4 8;-30 4 8
6 -7 1 m7 -36 4 30;76 0 30;-20 6 20;-95 4 10;14 12 10
8 -9 1 m0 -35 8 45;-58 8 36;-74 9 18
8 -9 1 s -128 5 79;-77 7 19
7 -10 2 m2 94 15 50;84 10 30;126 5 10;171 4 10
6 -9 2 s 117 18 48;165 5 32;109 19 8
7 -7 1 s 165 5 75;11 8 6;61 16 6
-2 -17 2 s 101 1 97
-3 -19 1 m5 -145 0 71;-158 0 21;170 1 7
-4 -19 1 m5 -161 -0 64;-147 0 27;152 -2 9
-5 -20 1 m4 -142 0 42;-171 10 42;103 -2 17
-6 -20 1 s -146 4 78;33 16 5
-6 -20 1 m2 98 -18 36;116 -5 27;78 -20 18;-120 2 9;34 18 9
-5 -17 1 m0 1 5 47;-10 9 26;-176 21 11;-36 7 11;-96 31 5
-5 -18 1 m7 15 3 38;-28 -1 25;53 5 12;92 5 12;-21 0 6
-1 -17 1 m0 11 7 21;77 7 21;-14 4 16;56 8 16;90 2 16
0 -16 1 m1 83 -9 67;60 3 33
6 -16 1 s 93 0 100
6 -16 1 m2 90 -0 100
5 -11 1 s 60 -1 65;78 1 35
5 -10 1 m0 81 7 80;61 4 20
6 -9 1 m0 30 7 62;19 6 38
6 -5 1 m4 164 5 38;93 12 31;155 7 15;88 14 15
6 1 1 s -168 1 45;102 3 45;156 2 5;114 3 5
-1 2 1 m3 -147 4 47;-36 2 16;-165 26 11;-90 2 5;-133 1 5
-2 2 1 m4 -151 8 38;-119 3 38;-15 2 8;-31 3 8
-4 1 1 s 16 1 77;-96 5 8;-88 8 7
-3 0 1 m6 -120 9 53;-172 5 40;155 7 7
-5 -1 1 m3 148 5 45;168 5 41;-169 3 7;127 5 7
-7 -3 1 s 63 8 93
-7 -3 1 m2 77 10 69;92 11 19;66 12 12
-7 -3 1 m1 56 11 53;82 14 33;105 13 13
-7 -1 1 m2 101 11 64;-146 13 18;137 11 9;85 11 9
-7 -1 1 m3 167 10 43;100 10 23;-175 8 20;132 5 7
-8 -1 1 m4 -173 14 31;-147 12 31;-122 9 17;169 10 11;-98 7 6
-8 -2 1 m6 -102 11 32;-117 11 26;-174 16 15;-143 16 12;147 30 6
-2 -17 1 m7 57 4 35;38 5 30;80 0 26;17 6 9
-1 -13 1 m1 80 -5 54;95 0 38;43 5 8
0 -12 1 m2 98 -1 48;85 5 27;119 -1 24
-1 -12 1 m5 106 1 38;-167 -4 15;87 0 15;121 1 15;135 0 8
-1 -12 1 m4 85 1 38;142 3 35;103 -0 15;133 0 8
-3 -9 1 m1 104 3 38;83 13 24;117 5 21;58 2 14
-2 -10 1 m6 -80 3 73;65 0 9;-58 4 9;-132 3 9
-3 -9 1 m0 95 -7 76;87 0 18;62 -2 6
-3 -10 1 m6 -25 11 36;-62 3 21;-19 2 14;-111 3 14;62 -2 7
-3 -10 1 s 62 -4 81;97 3 12;137 5 6
-3 -9 1 s 28 1 55;58 -1 14;21 1 12;100 -5 12;87 1 6
-4 -6 1 m2 26 0 37;74 3 32;119 3 21;62 -1 5;19 0 5
-4 -5 1 s 173 5 50;31 1 38;-131 4 6;-159 5 6
-2 -3 1 m0 5 6 39;161 -3 39;-4 4 13;156 -2 9
6 -2 1 m5 78 3 40;142 4 40;-75 11 10;131 3 10
7 7 1 m4 -150 5 32;-165 3 32;173 4 24;-14 6 9
6 7 1 m4 -146 7 25;107 7 19;121 3 12;-164 2 12;-132 9 12
5 6 1 m0 -36 3 40;-16 -6 32;8 5 16;-55 2 12
-2 -16 2 s 102 1 100
7 8 1 s -81 -44 60;-58 -39 20;-44 -26 10;3 1 10
7 8 1 m3 -105 -2 27;-82 0 27;123 5 20;81 9 20;-160 0 7
7 8 1 m2 -82 -54 45;94 5 20;118 4 10;81 9 10;63 1 5
-4 13 1 m5 -101 -1 88;-87 6 12
-4 12 1 m7 -88 6 83;-95 4 17
-3 6 1 m0 -11 5 76;-35 7 19;-47 1 5
1 3 1 m7 -129 2 38;-145 1 34;-99 -2 21;-89 6 7
6 8 1 m1 49 8 19;-10 -2 19;33 6 15;-36 -10 11;73 6 11
7 9 1 m2 101 6 41;52 5 18;82 7 14;32 12 14
8 9 1 s -70 1 61;-135 3 37
0 16 1 m2 71 8 27;34 9 18;148 5 18;176 3 9;-179 2 9
0 16 1 m1 12 7 55;-27 12 18;35 0 18;52 10 9
0 16 1 m0 -54 9 32;-86 7 27;-35 8 18;-118 0 14
1 16 1 m7 -79 11 46;-53 5 25;-41 4 17;-123 -1 12
1 15 1 m6 -84 11 72;-56 4 28
1 14 1 m6 -81 10 66;-59 1 28
2 13 1 m7 -32 10 38;-50 0 38;-8 8 25
9 7 1 s -83 1 84;-96 -0 15
14 4 2 m6 -122 6 52;-152 9 19;165 14 14
13 2 2 m5 -123 -0 48;-102 19 48;-87 37 5
13 2 2 s -120 -15 79;-140 3 21
12 -1 2 m5 -152 8 90;-131 7 10
11 -1 3 s -147 7 36;-170 9 28;-105 10 24;-128 12 12
11 -1 2 s 175 3 54;-175 5 19;-124 11 18;-146 9 6
14 -2 1 s -151 2 36;-119 2 32;-55 28 23
12 1 2 s -140 4 97
11 -2 3 m4 -105 24 60;-120 16 30;-151 30 10
5 -7 1 m5 61 -25 29;-130 6 24;-168 5 18;-150 15 18;5 6 12
4 -8 1 m5 -167 7 62;-146 6 23;42 -4 15
-2 -17 1 m4 128 5 38;101 6 38;141 5 15;87 3 8
-4 -18 1 m7 32 3 54;-14 3 15;-24 0 15;17 10 8;51 9 8
-3 -20 1 m4 -173 6 75;100 10 17;66 9 8
-4 -20 1 m4 -173 7 64;124 -1 18;164 -1 9;107 -2 9
0 -13 1 m2 99 -2 56;85 4 44
0 -12 1 m6 -170 7 27;137 1 27;-151 4 18;-54 7 18;122 -4 9
0 -12 1 m5 142 2 42;88 3 42;-176 8 8;98 3 8
-2 -10 1 s 102 -1 82;116 -32 9;-154 -1 9
-2 -9 1 m2 96 -22 40;126 5 36;142 -2 10;85 -17 7
-2 -8 1 m2 141 9 29;93 -26 17;9 3 15;126 12 15;82 -10 12
-3 -7 1 s -178 -1 56;177 -1 43
-4 -7 1 m5 170 6 43;145 1 27;-168 4 10;127 8 7;76 0 7
-6 -5 1 m3 151 3 23;-176 2 18;55 3 14;168 -3 14;-139 6 9
-4 -11 1 s 6 9 56;55 3 33;41 3 11
-4 -11 1 m4 13 9 40;56 -2 30;43 2 30
-2 -12 1 m3 103 -13 47;120 5 33;141 6 20
-2 -12 1 m6 -80 9 32;-100 18 21;94 -5 21;87 -28 11;-50 37 5
1 -7 1 m4 163 4 47;146 3 38;121 -24 12
0 -7 1 m4 147 9 35;99 6 25;164 5 15;74 7 10;124 3 10
-2 -5 1 m3 141 3 72;128 4 20
-1 -18 1 m2 83 5 72;95 7 25
-1 -14 1 m1 83 -7 75;101 -39 15;-40 7 5;13 4 5
-1 -14 1 m0 -34 18 23;-13 7 23;97 1 14;57 11 14;23 4 9
-1 -15 1 m4 117 10 33;94 -0 27;166 9 20;87 -4 13;145 6 7
-2 -14 1 m2 92 6 55;84 -3 38;118 7 7
-4 -9 1 s 52 3 54;30 2 33;19 5 9
-4 -9 1 m1 50 2 60;82 4 20;40 15 15;90 -4 5
-7 -6 1 m3 125 -5 44;140 5 37;161 3 19
-8 -6 1 m4 126 3 60;147 -4 20;105 -0 20
-1 -19 1 m1 77 9 79;53 5 21
-3 -14 1 m4 80 2 48;63 7 22;96 7 17
-3 -15 1 m5 -169 14 38;154 9 23;176 12 15;-151 10 15;-116 8 8
-4 -13 1 s 14 15 38;33 7 22;-35 21 16;-54 16 11;-6 15 9
-5 -7 1 m5 51 4 58;28 4 17;176 12 8;-178 0 8;87 7 8
-9 -5 1 m4 84 -5 48;98 3 40;120 4 10
-9 -5 1 m3 83 3 51;98 4 44
-9 -5 1 m2 82 -3 62;95 4 29;2 12 5
-9 -4 1 m2 79 4 84;97 7 12
-9 -2 1 m1 60 8 45;75 4 35;41 14 10
-8 -2 1 s 75 1 39;-171 31 11;104 7 9;144 49 9;12 20 8
-8 -2 1 m5 -105 11 33;166 16 25;-141 16 25;-118 12 17
-9 -2 1 m5 -104 9 56;-81 11 28;-119 18 11
-8 -3 1 m7 -118 9 30;-63 13 20;-74 18 10;-137 12 10;105 -1 10
-8 -4 1 m6 53 5 36;148 4 29;-161 24 21;130 6 7;-128 21 7
-8 -4 1 s 57 4 42;77 7 21;104 6 16;127 30 8
-8 -4 1 m4 99 1 31;-53 -26 23;157 31 15;-147 10 8;172 14 8
-9 -4 1 m4 74 2 58;92 5 17;166 -4 8;-146 -1 8;-125 17 8
-9 -4 1 m3 78 3 68;97 6 28
-9 -4 1 m6 -80 10 54;-56 9 23;-98 14 15
-9 -4 1 m5 -121 9 33;-81 14 22;-102 21 11;-137 11 11;70 2 6
-8 -3 1 m0 -99 16 40;128 17 20;158 17 13;93 -4 7;-72 6 7
-8 -4 1 m5 -104 24 23;50 5 23;-141 8 15;11 27 15;167 21 8
-9 -5 1 m6 -31 5 40;-14 6 20;1 3 18;-52 16 11
-10 -8 1 m4 60 0 78;97 22 11;75 0 11
-10 -7 1 m4 52 5 45;76 9 27;162 9 9;141 10 9;115 15 9
-10 -7 1 s 8 2 65;31 6 21;77 1 9
-10 -8 1 m0 61 1 79;39 3 21
-8 -6 1 m1 -6 3 64;4 3 27;87 1 9
-8 -6 1 m2 101 -11 52;81 -0 19;115 2 19
-8 -6 1 m3 102 -3 46;120 2 40;143 6 10
-8 -5 1 m2 94 -14 54;23 8 38;22 6 8
-8 -5 1 s 107 -5 86;74 -23 6
-9 -5 1 m1 83 -6 80;93 4 13;-21 10 7
-9 -5 1 m0 15 4 39;74 0 25;58 -5 11;31 -6 11;-19 5 11
-8 -5 1 m0 7 5 41;-26 5 26;-17 5 18;35 -9 9;76 -10 6
-7 -5 1 m0 -33 -1 29;-19 7 18;6 8 18;-170 14 11;34 15 11
-7 -5 1 s -174 12 42;-1 9 32;0 14 10;175 9 5
-9 -5 1 s 80 -1 71;-11 3 21
-8 -5 1 m3 103 -20 67;119 3 27;135 7 7
-1 -18 1 m1 80 4 63;61 3 30;91 13 7
-1 7 1 m0 -15 -1 58;-26 6 42
-1 5 1 m5 -57 5 25;-100 11 20;-82 5 20;-120 6 15;-163 15 10
-4 4 1 m0 152 3 58;80 17 17;123 7 17;109 12 8
-4 4 1 s 159 -0 46;154 1 39;127 8 11
-5 4 1 m4 56 10 45;104 22 27;80 15 18;145 13 9
-5 4 1 s 39 5 48;70 15 30;103 11 11;54 13 9
-9 -2 1 m4 -97 9 26;84 13 21;33 24 16;-126 20 11;-6 40 11
-8 -3 1 s 58 6 47;146 11 17;-100 11 10;-40 -21 8;-166 13 6
-9 -6 1 m7 -7 1 40;60 -29 40;3 1 7;68 -28 7;-26 3 7
-6 -5 1 m0 35 13 30;-5 6 27;57 -1 20;11 6 10;-29 9 7
-4 -6 1 s -80 3 72;-63 7 10;24 0 8
-2 -6 1 m0 -75 1 73;-60 2 27
-2 -6 1 s -9 1 90;-75 1 10
-3 -6 1 s -10 1 100
-1 8 1 m2 49 0 100
-1 11 1 m1 -58 7 47;34 2 33;18 5 20
3 6 1 m0 -11 5 57;9 5 17;-34 -2 13
1 -2 1 s -145 4 48;-114 5 48
-9 -3 1 m3 74 5 44;61 2 19;119 14 19;97 10 15
-10 -2 1 m2 57 8 65;71 10 24;35 7 12
-9 0 1 m1 55 7 50;37 8 19;91 2 19;22 14 6;77 11 6
-9 0 1 m0 -83 10 48;56 10 14;78 8 10;-26 25 10;-59 24 10
-8 0 1 m1 101 8 54;151 5 15;61 9 15;129 12 8;80 10 8
-8 0 1 m2 99 12 30;80 9 30;149 -2 20;166 3 10;125 3 10
-7 -7 1 m4 125 2 50;172 3 21;144 7 21
-8 -7 1 m3 120 3 50;103 -7 29;24 -11 21
-9 -6 1 m3 84 -2 63;97 2 37
-9 -2 1 s 33 14 25;74 10 20;1 7 19;58 16 13;-97 17 12
-8 -4 1 m1 99 5 25;87 7 25;59 7 25;-51 -19 19;40 24 6
-8 -4 1 m2 97 5 44;73 7 28;56 6 28
-9 -5 1 m7 -28 2 65;-17 6 31
-8 -6 1 m7 -11 1 55;-26 1 14;66 -20 9;9 3 9
-10 -8 1 s 39 3 56;57 1 39
-1 -13 1 m3 104 -9 65;118 4 23;89 -45 13
-9 -2 1 m3 56 7 50;33 5 20;-6 40 10;13 7 10;-145 20 10
-9 -1 1 m1 52 7 67;7 10 33
-9 0 1 m4 -85 1 33;168 1 21;-177 2 17;-96 6 12;153 -1 12
-7 1 3 m7 -1 8 33;-62 7 33;42 1 17;60 -6 8;15 15 8
-9 -1 1 m2 54 1 58;9 11 25;32 11 17
-7 -4 1 m4 80 11 42;-49 -32 25;170 22 17;-152 11 8;65 6 8
-8 -4 1 m3 101 6 53;61 9 20;-39 -26 13;119 15 13
-10 -1 -1 s -19 4 100
-10 -2 -1 s -5 -16 33;10 14 33;-35 12 33
-9 -2 -1 m7 -55 9 70;-22 8 20;-39 6 10
-7 -2 -1 s -133 8 61;-94 2 32
-8 -3 -1 m7 -59 4 56;-75 -15 44
-7 0 1 m2 98 11 53;125 9 20;144 11 13;76 8 7;67 10 7
-10 1 1 m4 -108 14 40;-122 15 30;-162 23 10;-136 24 10;-72 -3 10
-10 1 1 s -101 3 35;16 4 31;28 15 19;-73 6 8;-175 7 8
-10 1 0 s -4 -3 42;5 4 31;105 11 9;-36 6 5;86 9 5
-9 1 0 m0 -13 10 67;11 36 23;-34 8 7
-9 1 1 s -8 3 75;-33 -1 12;7 0 5
-9 2 1 s -164 23 25;-126 21 17;-147 23 17;170 24 17;-58 11 8
-9 2 1 m4 -12 7 61;-174 23 28;173 25 11
-10 2 1 s -111 13 56;-114 12 22;-10 7 22
-10 1 0 m6 -58 15 56;3 8 19;-97 18 12;-72 18 6;-11 9 6
-9 2 1 m0 -12 4 53;-32 2 28;-59 2 17
-9 2 1 m7 -16 3 57;-31 6 39
-10 1 1 m6 -102 14 55;-80 11 27;-1 6 18
-10 0 1 s -76 2 89
-10 1 1 m1 12 6 45;164 14 36;24 13 18
-7 2 1 m2 75 12 54;-8 -3 23;127 1 15;92 10 8
-7 3 1 m2 65 12 46;-31 -3 46;91 9 8
12 1 2 m6 -86 48 81;-102 15 19
15 -4 1 s 174 -2 94;156 4 6
15 -3 1 m4 -163 3 67;-147 4 25;165 -15 8
13 3 2 m0 28 13 40;9 5 30;-18 6 20;-51 6 10
10 5 1 m5 -127 8 62;-94 1 23;-168 -6 15
8 4 1 m5 -106 6 67;-149 9 28;-121 11 6
8 4 1 m6 -103 5 59;-81 5 41
8 3 1 m6 -104 8 50;-121 5 14;-80 3 14;-174 5 14;179 6 9
8 2 1 m6 -122 7 73;-138 7 18;-110 2 9
8 1 1 m6 -169 6 50;-147 7 40;-133 7 10
7 0 1 s -179 5 100
0 -7 1 m3 143 3 46;126 6 19;97 3 14;84 5 14
12 0 2 m5 -176 4 55;-120 7 27;-96 72 18
7 6 1 m7 -44 7 60;-81 -11 40
8 5 1 m7 -37 7 48;-81 -5 26;-9 4 17
9 4 1 m0 -7 13 40;-73 7 30;-93 7 20;8 13 10
10 3 1 m6 -74 3 59;-95 3 41
12 1 1 m0 -61 9 19;-172 6 19;-29 4 19;-100 11 12;-120 11 6
12 1 1 s -170 1 67;-154 -4 30
12 1 1 m4 -137 2 55;135 2 18;-165 2 18;-134 4 9
11 1 1 m4 -126 3 42;-106 1 33;-172 3 17;-139 1 8
5 -5 1 m4 166 4 46;148 10 31;130 4 15;91 14 8
-3 7 1 m4 -143 7 58;-163 6 19;-129 7 12;169 5 8
-2 5 1 m2 136 3 28;6 8 22;-11 7 22;-24 5 11;131 3 11
-2 5 1 m1 -8 8 35;3 5 24;-33 3 18;59 6 18;137 15 6
0 5 1 m0 -85 4 26;-10 7 22;3 5 15;-98 2 15;-34 10 11
1 5 1 s 17 5 43;-11 6 43;-116 3 9
1 5 1 m1 12 8 57;35 4 14;-11 5 14;53 17 7;-44 8 7
3 6 1 m1 30 6 58;-7 4 15;-61 -19 15;53 9 12
4 6 1 m1 -12 2 39;17 6 36;28 3 14;53 8 7
4 6 1 m0 8 4 25;-15 3 25;53 9 14;-34 1 14;-76 -24 14
5 7 1 m1 31 7 53;52 8 16;21 6 16;-6 7 5;-24 7 5
8 7 1 m7 -29 -2 47;-82 4 40;-94 4 7;-9 -3 7
8 7 1 m5 -81 0 40;-162 4 13;-121 -2 13;-101 3 13;-51 -5 7
8 7 1 m4 -17 -4 25;-152 5 15;-161 5 13;-97 4 10;-56 3 10
9 7 1 m4 -99 1 45;-82 0 39;-119 0 6
5 5 1 m5 -123 8 43;173 13 21;-142 15 14;-105 8 14;-78 3 7
5 5 2 s -94 11 33;-116 8 22;-81 15 15;20 8 11;30 7 7
5 5 2 m6 -93 14 26;-85 6 26;-129 13 16;-67 11 16;-138 42 11
5 5 2 m2 30 11 30;103 47 20;170 15 20;61 17 20;149 30 10
6 5 2 s -80 3 94;-92 3 6
6 1 1 m6 -83 6 63;-62 5 37
6 0 1 m6 -80 3 40;-25 4 20;-98 7 20;-124 7 20
6 -1 1 m5 -85 4 55;-164 9 18;-112 6 9;-28 2 9;-21 2 9
4 -5 3 s 88 -27 70;106 -19 30
2 -3 4 m2 163 23 64;-163 18 21;-152 21 7;-121 22 7
-2 -14 1 m7 -11 9 40;7 9 30;43 10 10;-55 13 10;-31 13 10
-2 -14 1 m0 16 7 42;57 9 25;-9 6 17;96 1 8;23 10 8
-1 -15 1 m0 4 10 53;-7 14 37;97 1 5;31 3 5
2 -15 1 m6 -59 11 27;98 -14 25;-75 15 14;87 15 7;-32 12 5
2 -16 1 m6 -14 9 22;6 13 19;-55 9 15;99 -10 9;-31 14 7
6 -17 1 s 92 -1 100
2 -16 1 m3 145 5 53;127 6 31;165 17 5
2 -16 1 m4 145 6 36;125 4 21;105 8 14;48 17 7;23 18 7
1 -16 1 m4 106 4 50;125 4 42;84 -4 8
1 -15 1 m4 123 3 36;143 5 30;170 11 13;-170 8 7
1 -15 1 m3 145 6 59;125 6 25;-148 14 7;101 -38 7
1 -15 1 m1 117 -14 33;105 5 20;62 3 13;31 17 13;-130 17 7
1 -15 1 m6 109 -1 43;-48 5 21;-30 6 21;123 -13 7;-14 6 7
1 -15 1 m5 151 8 37;123 -12 32;171 13 11;109 -3 11;66 57 11
-4 -19 1 s 0 0 86;-9 2 14
10 -2 1 m3 101 4 58;86 2 32;122 3 11
10 -2 1 m4 122 4 50;102 3 44;170 18 6
10 0 1 m1 17 3 30;64 -3 30;69 -2 30;29 5 10
1 -9 1 m7 35 5 33;14 10 33;-11 11 25;55 6 8
2 -9 1 s 138 -4 61;128 -3 25;79 3 5
2 -9 1 m3 126 0 61;139 3 13;108 4 13;14 10 9
2 -9 1 m2 77 1 31;103 5 25;34 4 19;139 3 12;45 7 6
2 -8 1 m3 140 5 50;123 -4 43;78 9 7
1 -8 1 m3 125 -26 52;143 5 48
1 -7 1 m3 123 -36 54;145 4 31;166 4 15
-2 -5 1 s 142 0 93;49 -66 7
-5 -2 1 m3 122 5 38;78 5 19;34 5 14;15 8 14;100 5 10
7 8 1 m7 -16 1 39;-33 -2 28;-73 -46 22;-160 13 6;-66 -40 6
13 -1 3 m7 -63 7 40;-38 13 30;-69 2 30
14 -2 3 m7 -171 20 55;176 15 27;-95 13 9;-131 16 9
14 -2 3 s 175 15 100
12 -2 3 m4 -172 13 42;171 26 17;-117 24 17;156 4 17;-149 21 8
9 3 1 m6 -94 3 40;-89 3 20;-118 8 20;178 6 20
-4 -10 1 m6 29 0 100
-4 -9 1 m6 53 4 60;34 2 20;17 14 15;87 0 5
-8 -8 1 s 30 -1 60;11 0 40
-8 -7 1 m2 105 -12 50;23 -10 40;21 -8 10
-3 -7 1 m6 137 -4 46;167 -3 15;-39 1 15;-177 6 15;121 4 8
-3 -7 1 m7 5 1 32;155 -22 23;-9 7 9;-40 1 9;-177 6 9
-3 -8 1 m7 10 5 56;-75 5 22;-8 7 17;30 2 6
-2 -8 1 m6 15 2 30;-97 4 20;34 3 20;140 2 20;-140 4 10
-2 -9 1 m6 -80 4 71;23 -1 14;53 1 14
-3 -8 1 s 151 -5 53;165 -1 24;7 1 13;100 -1 5
-2 -9 1 s 52 0 100
-2 -8 1 m3 102 5 31;147 10 31;38 6 23;-153 5 8;81 9 8
0 12 0 m0 -8 7 70;13 13 10;-23 22 10;25 17 10
1 12 0 m0 -10 8 48;10 9 37;-24 21 14
5 6 1 m4 -166 7 39;-147 9 36;-75 -38 11;-124 10 8
4 6 1 m4 -151 11 36;-162 8 36;-128 8 23
5 -3 1 m7 -76 7 50;-60 8 20;-103 -8 20;-2 0 10
6 6 1 m5 -81 -18 38;-165 6 38;-140 11 19;-100 11 6
-1 6 1 m7 -81 1 40;-96 -17 35;-168 4 10;-129 4 5;-150 4 5
1 0 1 m6 -76 3 55;-56 3 27;-11 1 9;-133 -10 9
5 -4 1 m5 -102 8 42;-121 10 23;-87 2 23;-153 4 12
0 17 1 s -52 7 73;-90 0 20
6 -1 1 s -111 6 83;-113 5 14
-4 -3 1 s -86 1 34;107 -9 30;-14 1 11;84 1 8;117 -37 5
-4 -3 1 m2 103 3 61;-84 1 18;-8 0 15
-7 -6 1 m6 6 -0 50;-33 10 30;-56 2 20
-2 -11 1 m6 -102 18 42;-125 6 25;-80 10 17;-28 7 8;9 11 8
-1 -12 1 m7 -78 10 62;-54 -0 23;-10 12 8;-94 20 8
0 -7 1 m2 8 2 31;80 2 22;141 2 22;124 4 12
4 -4 2 m7 5 8 42;60 10 25;33 8 17;-126 6 17
5 -4 2 s 57 7 50;71 8 31;14 11 7;33 12 7
3 -2 2 m3 120 12 36;102 16 27;77 19 18;-174 0 9;173 9 9
2 -2 2 m3 77 19 20;-169 11 20;175 12 20;-151 8 10;100 17 10
2 -2 2 s -172 6 82;-149 8 11
2 -3 2 m6 -164 11 42;84 17 25;167 9 17;99 19 8;-157 11 8
2 -3 2 s -165 10 33;79 10 25;173 8 8;-50 12 8;-72 18 8
2 -2 2 m2 97 19 43;-150 8 14;78 19 14;-173 5 14;173 7 7
3 -1 2 m1 53 19 54;-12 22 15;23 24 8;2 24 8;83 11 8
10 -5 1 m5 -119 5 85;-109 1 15
9 -7 1 m5 -168 3 86;168 8 14
7 -9 1 s 150 9 100
2 -7 1 m3 81 -22 31;57 3 19;126 -27 19;9 5 19;141 4 12
2 -7 1 m1 33 5 62;-3 6 15;0 4 15;53 3 8
2 -7 1 m0 4 6 84;-10 9 11;32 16 5
8 -8 1 m7 -52 7 55;-40 13 36;58 -4 9
8 -10 1 m5 41 12 25;-127 20 17;-147 13 17;143 3 17;-158 4 8
6 -11 1 m2 83 -20 61;91 -0 15;8 15 12
2 -7 1 s 7 8 86;87 -39 7;29 2 7
5 -3 2 m6 -49 15 18;-119 -8 18;-71 3 14;-34 11 14;17 -1 14
0 -17 1 m2 73 5 67;102 7 27;60 0 7
-2 15 1 s -116 3 87;-25 19 7;-98 20 7
-1 8 1 s -88 4 80;-97 -46 20
5 7 1 m0 20 3 41;-6 2 32;-54 8 9;-34 1 9;23 4 9
6 7 1 s 10 12 88;-63 2 6
6 6 1 m0 -36 2 45;-58 1 45;-71 2 9
13 1 3 m7 -148 6 53;-131 7 20;-163 6 13;-77 9 7;-92 9 7
-10 5 1 s -52 -6 100
-9 -1 3 s -16 11 54;-77 5 38;-64 7 8
-10 -2 3 s -58 -1 45;-70 -12 30;-8 -1 23
-10 -4 3 m6 -32 8 100
-10 -4 3 s 12 1 43;-32 3 29;27 2 13;-9 -0 6
-10 -3 3 s -32 7 81;71 1 19
-9 -2 3 m1 17 9 43;48 4 43;36 9 14
-8 -5 3 m2 101 -8 53;84 -11 27;43 11 7;49 12 7;4 8 7
-8 -1 3 m2 79 12 58;-11 13 42
-8 0 3 m2 83 10 25;125 20 17;142 22 17;96 13 8;1 9 8
-8 1 3 m2 150 24 27;164 28 27;59 12 18;133 20 18;-171 31 9
-1 11 1 m0 6 4 46;-13 12 46;-44 -26 8
0 11 1 m0 7 6 100
5 12 1 m0 5 13 55;-6 9 38
6 12 1 m0 -59 12 26;-77 10 22;-38 11 19;0 11 19;-15 10 15
6 12 1 m7 -56 13 63;-75 5 27;-93 5 7
6 11 1 m6 -82 19 43;-35 6 38;-55 9 14
6 11 1 m7 -31 7 59;-53 18 24;-12 7 18
7 11 1 m7 -17 6 50;-73 5 20;-51 9 20;-27 3 10
7 11 1 m0 -18 5 35;-28 2 35;-75 5 18;-52 6 12
8 11 1 m0 -52 0 42;-72 0 33;-26 6 25
8 10 1 m7 -52 3 27;-15 8 22;-132 6 16;-31 6 11;-97 6 11
9 10 1 m7 -81 2 43;-93 1 29;-53 4 19
9 10 1 m6 -93 6 47;-121 14 18;-87 13 18;-46 -6 12;16 4 6
9 10 1 m0 -80 3 50;17 9 15;-57 1 12;80 5 10
10 10 1 m6 -104 2 83;-53 8 17
10 9 1 m7 -84 7 52;-29 5 14;-7 8 14;-54 4 10;-100 3 10
12 9 1 m0 -60 10 35;-81 17 30;-103 5 25;3 3 5;-24 2 5
13 9 1 m0 -101 17 50;-125 -2 50
13 8 1 s -127 -3 49;-177 1 37;-103 1 13
13 8 1 m6 -103 5 53;-125 -2 41;-138 5 6
13 7 1 m6 -148 3 32;-125 0 32;-97 4 24;-86 9 12
13 7 1 s -74 13 50;-149 14 33;-114 17 8;-66 11 8
-2 -14 1 m6 81 -31 33;-8 9 20;-34 9 13;-71 8 13;-149 7 7
1 -14 1 m0 -19 3 40;-36 11 13;-66 8 13;-70 21 7;-122 25 7
2 -15 1 m0 -82 12 33;-61 9 17;-162 36 17;-10 1 8;-125 33 8
2 -15 1 m1 -6 1 31;-76 14 15;123 3 15;-26 13 8;4 0 8
2 -15 1 m2 81 12 34;98 -11 30;-84 21 11;129 14 9
2 -14 1 m2 -82 14 21;-98 10 19;-149 20 12;102 -29 11;81 24 8
2 -14 1 s -147 11 35;-96 6 33;-127 11 8;-88 9 7;-21 5 7
2 -14 1 m4 165 7 25;-150 11 20;-96 7 20;64 59 10;-89 21 10
1 -14 1 s -128 22 49;-72 20 24;-57 12 13;-137 20 12
2 -14 1 m7 -73 21 37;168 9 21;-129 13 16;-103 7 11;110 -54 5
2 -14 1 m0 -79 6 53;170 12 13;-132 14 7;-21 5 7;-147 20 7
2 -14 1 m1 -145 25 52;-132 20 13;61 4 10;69 7 6;163 10 6
2 -14 1 m6 -96 10 39;-83 19 14;97 11 12;81 27 12;-129 25 7
2 -15 1 s 101 -18 29;-82 23 23;-99 8 17;-167 13 11
1 -14 1 m4 -167 17 43;-145 7 36;-79 7 14;-101 7 7
0 -14 1 m4 103 -11 82;-170 19 9;113 9 9
0 -15 1 m5 84 10 25;137 8 17;-150 6 17;176 20 8;111 3 8
0 -14 1 m3 102 -7 87;118 6 13
1 -8 1 m2 121 -36 61;31 5 13;14 3 6;85 -22 6;104 2 6
1 -7 1 m0 -3 -1 35;34 11 19;9 2 15;161 0 12
5 -6 1 s 167 -2 89;-47 -6 11
3 -5 1 m4 -147 7 50;167 0 42;-164 7 8
0 -4 1 m4 174 6 52;-164 8 19;140 -8 10;9 -7 10
-1 -4 1 m4 120 -1 35;174 6 25;-167 7 25;8 -7 10;46 -2 5
-2 -4 1 m4 -171 6 50;174 4 43;155 -3 7
-3 -1 1 m7 -178 -2 48;14 -3 24;176 -3 24
-2 0 1 m2 50 13 100
-1 2 1 m1 -18 2 36;-32 0 32;26 6 20;-54 3 12
-1 2 1 s -36 -0 29;-8 -6 27;-129 -2 15;-143 1 13;-104 5 5
-1 -14 1 m6 -56 9 35;-34 8 25;-74 7 25;-157 20 5;-169 19 5
1 -15 1 m2 116 1 53;146 7 30;-139 20 7
1 -14 1 m1 -127 24 27;-51 5 18;114 -62 18;-36 6 14;-147 17 9
-1 -9 1 m1 61 -24 62;69 -40 31;44 10 8
11 -2 1 m2 171 6 40;140 7 40;123 0 20
-1 -12 1 m6 -99 12 20;-55 -1 20;105 -23 20;-150 7 13;-79 15 13
-1 -13 1 m6 -81 7 45;-102 5 31;-119 8 14;-142 9 7
2 -15 1 m3 145 8 30;129 5 19;-54 18 15;-96 24 11;62 18 11
1 12 0 m1 6 9 73;30 17 9;-20 17 9;-23 17 9
5 12 1 s -10 11 44;1 8 28;-32 6 28
6 13 1 m3 -97 15 69;-127 21 15;-88 23 15
6 13 1 s 0 11 51;-84 20 41
6 12 1 m6 -82 18 56;-60 12 28;-128 6 11;-155 8 6
7 10 1 m7 -82 20 46;-62 10 38;-21 5 15
7 9 1 m6 -78 -10 30;-63 -2 30;-122 10 23;-101 13 13
7 8 1 m6 -84 -56 38;-146 9 28;-124 17 22;-160 3 12
7 7 1 s -167 11 44;179 27 18;-79 -64 12;-127 -3 6;-14 7 6
7 7 1 m7 16 18 36;-29 -9 21;-17 -8 21;-163 15 14;-60 -40 7
12 5 1 m6 -74 3 55;-63 -1 27;-38 4 18
12 3 2 m5 -99 5 60;-42 1 20;-47 2 10;-80 2 10
12 2 2 m7 -103 5 47;-79 4 29;-64 4 18;-118 3 6
10 -1 1 m5 -121 3 45;-97 3 36;-89 2 18
8 -2 1 s -113 5 100
4 4 1 m7 -54 5 45;-14 3 27;-28 3 27
4 4 1 m0 -15 3 33;8 9 28;-36 4 17;-133 3 11;-74 4 6
4 5 1 m1 -12 0 50;37 5 21;85 16 21;164 10 7
5 5 1 m0 -36 1 50;-18 8 29;-47 7 14;1 4 7
6 4 1 m7 -84 4 81;-93 3 19
6 4 1 s -90 0 54;-93 3 46
5 11 0 m6 -81 -5 83;-64 7 8
4 8 1 m6 -100 -12 50;-39 -5 29;-86 -42 14;-6 4 7
3 6 1 m4 -152 10 40;-164 7 40;-133 12 10;170 6 10
3 5 1 m6 -81 -42 29;-29 15 21;1 15 14;-165 5 14;-49 14 7
3 5 1 s -4 -2 46;9 17 24;-31 6 19;-64 -3 5
5 6 1 s -16 2 62;-36 -6 18;-170 18 9;33 9 8
5 6 1 m1 48 6 36;17 7 27;-13 3 18;-30 1 14
9 2 1 s 92 2 59;-101 1 15;-113 -2 10;-33 5 6
10 2 1 m0 -72 5 60;-60 3 20;-102 2 20
12 0 1 m6 -170 -0 90;-157 -5 10
12 0 1 s -175 -0 62;179 0 38
11 0 1 s -165 -6 48;-154 -11 32;179 5 20
2 4 1 m5 78 5 29;164 9 21;126 10 14;97 12 14;-173 6 14
1 4 1 m5 168 6 69;60 9 15;-20 5 8;70 15 8
1 4 1 m4 172 7 52;-175 12 18;153 13 14;50 16 5;40 10 5
0 4 1 m4 166 5 22;-172 10 18;148 6 15;-147 8 12;-104 11 11
0 4 1 m1 -10 9 17;-60 6 14;7 9 14;-36 6 14;101 10 14
2 4 1 s 95 8 82;77 10 12;26 13 5
2 4 1 m2 98 10 100
-3 -3 1 s -126 0 26;-8 2 17;17 -44 14;29 -61 10;-77 -5 10
-3 -1 1 m2 -177 -2 38;97 5 38;42 5 15;176 1 8
-3 -1 1 s 177 -3 80;-114 6 7;-98 10 7
-2 -1 1 s 178 1 73;-179 1 23
3 -11 1 s -6 12 55;5 7 41
5 -11 1 m4 78 -16 50;-23 18 17;164 -6 17;66 -4 17
-2 -11 1 m5 -153 3 62;-165 8 23;157 22 8;124 22 8
-1 -18 1 m0 86 0 42;53 12 12;100 2 12;130 4 12;13 19 12
-1 -14 1 m5 -146 3 64;172 17 18;-98 11 9;-67 5 9
-4 -15 1 s 14 4 59;76 7 20;34 14 8
-3 -15 1 m1 76 -3 58;57 0 33;35 13 8
-4 -9 1 m4 57 8 36;77 8 36;20 18 9;41 14 9;93 2 9
-4 -9 1 m7 35 3 50;48 3 30;77 3 20
0 5 1 m6 -166 12 33;-148 20 25;-8 5 17;-100 3 8;151 4 8
0 5 1 s -93 2 40;-148 26 23;-84 4 18;-124 11 9;174 26 5
-1 6 1 m4 174 21 33;-169 5 25;-121 5 17;-149 4 17;-71 8 8
-8 -1 3 m6 -29 10 53;-14 11 32;-63 8 11;-74 15 5
-4 8 1 m7 -79 -7 69;-61 -5 31
-6 -2 1 m1 96 18 38;86 18 31;64 14 15;35 19 12
-6 -2 1 s 104 21 49;120 20 29;86 19 6;145 13 6
-6 -2 1 m4 153 10 38;111 17 23;-156 8 15;170 10 15;113 23 8
-7 -2 1 m3 143 12 46;166 6 23;105 5 15;119 23 8;77 13 8
-7 -1 1 m4 -171 8 74;170 9 12;150 10 6;100 9 6
-8 -2 1 m2 102 12 50;85 7 21;-172 55 14;141 18 7;53 18 7
-8 -2 1 m3 -142 20 55;-128 14 18;150 16 9;-179 14 9;170 32 9
-8 0 0 m7 -51 7 50;-39 9 50
-8 0 0 m6 -70 9 92;-63 9 8
0 4 1 m0 12 9 22;-11 7 21;28 7 13;-82 5 12;-33 10 12
0 5 1 m1 -84 4 39;-11 10 30;7 11 13
1 4 1 m7 168 6 50;30 10 21;-157 9 7;-172 9 7;57 8 7
1 4 1 m6 169 9 40;-145 22 30;118 10 10;-128 9 10;-168 24 10
1 4 1 s 161 5 50;148 7 19;49 4 18;75 8 6
1 4 1 m0 28 5 30;16 8 26;164 5 14;52 7 14;-9 8 14
0 4 1 m7 166 6 21;137 9 21;-34 6 12;118 12 8;-11 12 8
0 4 1 m3 166 12 39;-147 7 22;149 4 17;127 2 11;-123 10 6
0 4 1 m6 151 8 36;39 9 18;-84 6 9;-114 8 9;-33 10 9
1 3 1 m3 -151 1 42;-101 4 25;166 2 17;-170 8 8;-132 3 8
1 3 1 m4 -166 8 38;-97 1 38;-131 6 23
-2 1 1 m4 -172 1 40;177 4 20;-142 1 20;-123 2 20
-9 0 0 s 3 8 91;57 8 9
-1 9 1 s -90 -28 73;-92 -38 27
1 3 1 m0 -103 -1 86;-114 2 7;-140 0 7
1 3 1 m6 -151 -2 40;-103 -11 30;-133 4 20;-161 2 10
-1 4 1 m0 -10 6 31;-32 4 15;54 7 15;94 9 15;9 2 8
-1 2 1 m7 -43 -6 45;-7 -4 36;-154 0 18
2 -8 1 m2 121 -15 33;145 -2 22;75 -14 22;58 4 11;30 2 6
1 -7 1 s 167 -2 41;123 -37 18;-4 1 17;149 -4 12;13 1 6
1 -7 1 m7 10 0 73;-6 5 18;111 1 9
1 -7 1 m5 151 -1 92;159 1 8
0 -7 1 s 143 -3 25;-2 2 21;34 3 15;11 2 11;124 0 10
3 -16 1 m5 168 7 31;148 8 31;-173 3 31
0 -12 1 s 87 -0 38;101 -1 33;118 -3 29
-5 -5 1 m1 78 5 72;52 0 28
-5 -2 1 s 34 -0 62;97 7 15;14 0 15;54 6 8
-5 -1 1 m2 144 5 43;170 5 29;6 2 29
3 -15 1 s -66 7 92
0 -15 1 s 108 1 64;116 -0 33
0 -9 1 s 148 -5 44;73 8 17;28 4 17;52 -4 17;-42 -1 6
-6 -1 1 m3 123 8 30;-154 11 10;-6 5 10;-38 0 10;152 6 10
2 4 1 m0 63 10 42;-9 8 33;98 8 17;77 9 8
8 8 1 m5 -35 -4 45;-155 8 35;-118 0 10;-46 -6 5;-83 0 5
5 3 2 m6 -150 4 29;-109 9 29;-122 7 21;-89 1 14;-63 10 7
4 2 2 m5 -171 4 47;-134 9 24;-98 12 12;-78 14 12;-64 12 6
0 16 1 m4 -165 2 30;-144 3 30;-103 2 20;-115 1 10;-90 5 10
-1 5 1 m1 -58 6 29;123 8 14;16 6 14;-11 4 14;29 5 7
-6 3 1 s -55 1 90;-79 0 10
-3 5 1 m0 -12 5 70;-34 7 26
6 7 1 m2 11 9 58;53 7 21;23 6 11;77 13 11
8 8 1 m4 -82 0 58;-40 -2 17;154 3 8;132 3 8;-103 -1 8
7 10 1 m2 114 8 38;98 11 31;20 19 8;-44 16 8;-47 16 8
6 12 1 m2 -150 14 33;176 4 25;121 11 17;-163 7 8;111 13 8
3 13 2 s -69 -0 33;-67 4 33;-167 22 20;-19 14 7;-114 -7 7
3 13 2 m0 -65 5 64;-73 4 36
4 12 0 m4 -168 9 42;-71 2 33;-151 2 17;-109 1 8
3 12 0 m4 -163 4 67;176 6 25;-157 6 8
0 7 1 m4 -163 2 33;-133 3 33;-137 2 25;-79 2 8
-9 1 3 m5 -75 23 55;-62 10 27;-110 27 9;-13 6 9
-9 1 3 m4 -12 5 31;-83 19 31;-141 79 15;100 31 15;49 19 8
-10 1 2 s -49 21 56;-35 18 28;-12 20 17
-10 1 2 m6 -12 22 92;-30 18 8
0 -7 1 m6 1 1 60;-1 0 30;176 2 10
-4 -19 1 m2 79 0 64;60 8 36
0 -14 1 s 107 -11 72;78 3 24
0 -10 1 s 144 -7 82;133 -4 18
-8 -1 1 m3 -170 13 30;172 13 30;147 6 20;-144 13 10;108 3 10
-9 -1 2 s 1 10 98
-8 2 3 s 62 11 31;-20 9 25;69 11 25;-60 11 12
-2 -7 1 m2 150 9 36;78 6 36;94 -36 21;128 -13 7
-5 -7 1 m3 141 3 36;107 5 29;126 6 29;172 2 7
-8 -5 2 s 98 -22 64;83 -12 33
-9 -4 3 m2 -6 7 55;83 7 36;97 3 9
-9 -4 3 m3 100 5 35;81 5 22;-31 3 18;123 1 10;1 8 5
-7 -2 2 s 94 17 100
3 3 1 m2 91 7 50;88 6 50
4 4 1 s -72 1 80;-58 2 10
0 4 2 s 25 24 42;124 43 20;76 26 11;14 24 9
5 3 2 s -58 8 51;-83 6 34;-8 1 6;-98 7 5
3 2 3 s -93 14 50;-77 20 40;-59 24 10
3 -2 2 m6 -95 9 64;120 16 36
5 -2 1 s -163 7 31;31 2 26;56 -3 16;17 0 10;-106 -17 7
8 10 1 m1 35 10 27;-75 1 19;-54 3 15;-22 1 15;-43 0 8
8 10 1 m0 13 9 40;-75 2 19;28 9 15;-52 4 12;-17 9 10
8 10 1 m2 -18 14 40;-32 8 33;-96 8 13;-48 5 13
9 10 1 s -87 0 74;-94 -1 14;-52 -7 9
10 8 1 m6 -101 11 60;-86 4 20;-115 10 20
10 8 1 m7 -60 7 62;-86 -9 38
14 5 3 m3 117 28 50;107 39 50
12 8 2 m3 -110 6 36;-126 3 29;148 15 14;110 25 14;-140 6 7
12 8 2 s -108 2 67;-129 3 25;-143 2 6
9 9 1 m6 -83 11 45;-103 -29 45;-64 9 10
9 8 1 m5 -84 1 53;-100 0 26;-122 -2 11;-144 8 11
11 7 1 s -109 1 93;-116 2 7
10 7 1 m6 -123 9 77;-97 3 23
10 6 1 m5 -127 9 67;-111 8 33
8 4 1 s -107 2 97
5 2 2 s -86 4 59;-122 4 18;-63 6 18;161 5 6
5 3 2 m1 79 14 27;-58 11 27;-81 4 27;-99 0 18
5 4 2 m2 78 31 40;62 17 30;108 24 20;113 27 10
-2 -4 1 m3 -165 0 73;127 -3 20;-157 0 7
-1 -2 1 m0 10 4 82;32 4 18
-1 -2 1 s 53 1 50;42 0 44;79 1 6
-3 -9 1 m5 -107 5 50;123 2 14;-118 6 7;91 0 7;-84 0 7
-3 -10 1 m5 -161 1 27;92 -1 18;-120 4 9;-149 6 9;80 1 9
-2 -13 1 m6 87 -3 30;-72 7 22;95 0 17;-60 8 13;-34 5 9
-2 -13 1 s 89 -26 58;97 -3 42
9 10 1 m1 18 10 65;34 12 19
9 10 1 m4 -122 8 30;-144 9 26;-86 1 22;-94 3 13
9 10 1 m5 -123 13 60;-93 5 30;-56 6 10
9 9 1 s -92 5 54;43 13 31;-84 6 8;15 15 8
12 8 1 s -118 -1 100
12 7 1 s -124 -3 73;-109 0 27
12 5 1 m5 -150 -27 37;-100 11 26;-120 -3 26;-82 10 11
9 9 2 s -94 2 100
-2 7 1 m4 -146 2 50;-164 7 38;168 6 12
-4 -18 1 m3 49 1 40;96 9 20;36 3 20;120 7 20
-5 -18 1 m3 40 6 45;-17 15 27;80 11 18;21 5 9
-5 -17 1 s 6 2 73;-14 17 14;-27 27 7
-3 -17 1 m7 34 10 60;14 10 20;83 -10 20
1 -16 1 s 114 -1 80;111 1 17
-1 -17 1 m5 92 3 64;-169 2 18;170 1 18
-4 -10 1 m1 54 0 82;92 2 18
-4 -9 1 m5 52 5 47;85 2 37;40 3 16
-1 -9 1 s 150 -4 100
5 -11 1 m3 78 -21 67;102 -25 13;125 -15 7;144 -14 7;67 -4 7
3 -12 1 s 11 21 84
2 -2 2 m4 172 23 69;-171 15 31
1 -2 2 m4 172 27 57;-173 23 43
-10 -3 1 m5 -61 9 91;-71 11 9
-9 -4 1 m7 -27 4 79;-101 13 14;-123 16 7
-8 -7 1 m7 -9 4 40;-30 9 40;-50 10 20
-7 -8 1 m7 -57 7 54;43 5 23;57 2 15;20 5 8
-7 -8 1 s 88 3 41;52 1 32;92 2 11;32 -0 8;6 -1 7
-7 -6 1 m7 13 0 88;-14 -3 12
-1 3 1 m2 -7 13 50;70 14 40;-31 17 10
8 10 1 m4 -141 8 38;-129 6 28;-78 2 14;-47 0 10;-162 8 10
8 10 1 s -56 -1 40;-69 1 35;-40 11 18
7 11 1 s -64 10 43;-33 6 36;-77 6 21
6 10 1 s -36 8 100
7 10 1 s -68 -0 87;-62 0 13
7 9 1 m5 -124 5 50;-107 6 25;-66 -13 25
7 10 1 m3 173 11 30;-109 4 20;63 25 10;87 4 10;44 6 10
8 11 1 s -48 -8 43;-40 -0 41;-98 0 11;-84 0 5
7 13 1 s -84 5 45;-120 12 25;-99 7 23;-144 14 7
-1 7 1 m5 -88 3 64;-148 8 18;-115 9 9;-164 7 9
-8 -2 1 m0 71 6 54;139 33 15;-109 10 15;103 10 8;161 37 8
1 -16 1 m6 -8 9 23;4 0 23;110 3 23;-32 11 15;85 -3 15
1 -16 1 m0 -3 8 70;103 7 30
-9 -1 1 s 17 11 78;56 0 12;35 5 7
0 -16 1 s 113 0 52;112 1 44
-3 -13 1 s 66 -1 98
-3 2 1 s -104 1 78;-153 1 19
-3 8 1 s -140 5 73;-134 -3 27
13 8 1 m7 -128 -2 50;-96 5 50
12 6 1 m5 -127 0 85;-146 -10 15
11 5 1 m5 -126 -4 43;-89 5 29;-153 -13 21;-92 7 7
10 4 1 m5 -98 3 77;-83 4 15;172 3 8
9 4 1 m3 -142 8 30;167 7 20;-175 8 20;142 9 20;-130 5 10
-2 9 2 m0 -33 19 25;-77 22 25;-59 24 20;6 21 15;-9 24 15
-2 9 2 s -80 21 50;-94 12 36;-63 26 14
-7 -1 1 s -37 7 39;-54 6 33;102 7 17;-129 5 6;-69 8 6
11 -5 1 s 97 2 95
-2 -14 1 s 82 -10 89;93 7 11
-5 5 1 m3 172 2 30;-146 0 30;-128 -2 20;150 8 10;-161 6 10
-1 6 1 m0 -7 6 50;2 -1 36;-46 5 7;26 10 7
4 4 1 m4 -9 -4 26;-129 4 16;150 10 16;160 7 11;101 16 11
-6 -2 1 m0 84 17 55;56 19 45
9 1 1 m2 115 -1 58;-167 3 25;-146 3 17
9 1 1 s -141 2 44;117 3 19;70 2 19;52 1 11;94 2 7
-5 14 1 m5 -125 4 77;-140 2 23
-6 13 1 m5 -107 5 57;-121 4 38
-7 12 1 m5 -103 4 47;-80 4 47;-128 7 5
-7 11 1 m6 -73 5 63;-58 4 37
-7 11 1 m7 8 2 45;-59 4 27;-71 5 27
-7 10 1 m7 -57 5 36;-35 10 36;-71 4 27
-7 10 1 m6 -34 4 53;-53 6 47
-6 9 1 m7 -36 8 56;-50 6 38;41 7 6
-7 10 1 m3 101 10 82;136 22 9;116 22 9
-7 11 1 m2 13 5 50;90 4 30;24 3 20
-5 8 1 s -103 1 79;-115 -12 7;-137 -13 7;-75 0 7
-5 8 1 m7 -117 -10 31;-62 13 27;-43 2 19;-84 -17 15;-109 -27 8
-5 8 1 m6 -83 -55 60;-105 -24 27;-123 -34 7;-162 -12 7
-5 9 1 s -79 -36 61;-104 -10 28
-6 9 1 s -41 -1 53;151 22 47
2 -16 1 m2 98 4 53;82 11 17;-100 5 10;45 1 7;122 9 7
-3 -17 1 m6 -2 4 50;76 -15 20;-41 10 10;16 4 10;33 4 10
2 -14 1 m5 -127 19 44;-150 8 20;-80 10 8;65 12 8
-5 -17 1 m2 -9 7 31;-25 27 23;-82 8 15;-101 4 15;65 9 8
-1 6 1 m1 -15 8 42;57 6 17;14 9 17;-49 12 17;26 10 8
-6 11 1 s -80 4 89;-100 2 11
10 -11 1 s 117 6 100
9 -11 1 s 85 0 65;98 3 35
-4 -19 1 m1 56 2 54;69 12 31;36 5 8;102 4 8
-10 -3 3 m2 72 7 80;61 5 20
-3 -11 1 m4 125 8 38;140 4 31;102 6 19;61 -3 6;87 6 6
10 11 1 m1 -10 9 53;9 8 24;-29 7 12;48 11 6;32 10 6
10 11 1 m0 -35 7 43;-56 4 23;-77 2 23;-16 7 10
10 11 1 s -96 0 94
10 11 1 m4 -99 4 75;-121 14 25
3 0 1 m3 -174 -0 100
12 3 2 m4 -81 2 77;-56 2 15;-91 5 8
12 2 3 s -124 7 100
12 1 3 s -125 7 100
13 1 3 s -174 6 62;-147 10 38
14 0 3 s -176 4 86;177 5 13
14 0 3 m6 -175 6 100
-1 -17 1 s 88 0 74;-125 16 15
-8 -7 1 m4 119 1 50;98 -8 50
-8 -5 1 m7 11 3 48;-21 -2 38;-27 -2 14
-5 -5 1 s 19 0 97
5 11 0 s -82 8 100
5 4 1 m0 -35 3 62;-52 3 23;-73 -11 15
5 4 1 m4 162 6 65;-121 -18 18;-148 -30 12;-112 -35 6
-1 -16 1 m6 -128 7 36;95 5 36;-152 7 18;-159 7 9
3 -9 1 m0 12 6 71;27 8 29
5 10 1 m6 -89 -38 100
4 8 1 s -104 -11 100
4 7 1 s -1 3 76;1 2 24
4 7 1 m0 11 4 62;-6 3 31;-33 4 8
-9 2 3 s -11 1 52;-41 4 21;-50 7 17;-129 39 8
-9 -4 3 m0 -26 13 73;-53 27 18;-13 10 9
-8 -4 3 s 16 5 84;-35 19 13
-7 -8 1 m4 57 1 40;119 0 40;166 4 10;155 4 10
2 -3 2 m4 67 3 30;-172 14 30;172 13 20;77 7 20
-2 6 1 m6 -105 -2 45;-82 4 18;-4 -1 18;-122 6 9;9 0 9
15 3 2 m1 121 16 62;100 11 25;138 16 12
-4 -14 1 s 56 0 100
-9 -8 1 s 59 0 58;83 0 42
-10 -1 1 s -36 22 77;-3 12 20
-5 9 1 m5 -104 -13 64;-118 0 21;-89 -34 14
-9 -4 1 s -28 2 96
1 -6 1 m4 -155 5 58;-172 8 42
0 -6 1 m4 -106 2 38;-173 8 31;-140 2 15;-125 1 15
3 -6 1 s 166 -2 58;61 7 17;140 -2 8;115 5 8;40 17 8
8 -10 1 m6 11 13 27;32 14 27;-143 6 18;-65 7 9;-33 11 9
7 -11 1 m5 -165 7 41;-150 9 35;-127 8 12;167 5 12
7 -12 1 m5 152 0 64;-162 6 18;121 1 18
4 -9 1 m0 30 5 69;9 6 31
5 -9 1 m0 30 8 50;14 6 50
7 -9 1 m0 33 7 100
4 -9 1 s 46 -4 98
8 -10 1 m3 79 8 33;40 13 33;99 0 25;47 14 8
6 -12 1 m4 103 3 36;123 5 27;-167 6 9;171 7 9;146 7 9
-9 1 0 m7 -39 7 55;-15 14 27;-71 8 18
-8 -1 0 m0 -46 9 100
-7 -1 0 m0 -52 10 100
-7 -1 0 m7 -40 12 67;-74 10 17;-47 10 17
-2 -16 2 m1 74 16 73;58 18 27
-2 -15 2 m2 94 10 71;84 12 29
-2 -15 2 s 102 2 89;89 14 11
0 12 1 s 2 3 50;-14 3 50
9 8 1 s -82 -0 93;-43 0 7
9 3 1 s 49 1 72;86 -1 26
-1 16 1 m2 -1 8 75;102 12 12;63 70 6;86 12 6
6 2 1 s -147 2 43;-104 3 30;-72 0 13;-64 0 9
4 3 2 s -104 1 77;-129 5 11;-31 4 9
3 3 2 s -76 13 82;-96 13 15
14 1 3 m6 -175 4 67;175 4 20;-152 6 13
14 1 3 s -175 4 97
14 1 3 m2 -175 4 100
10 -5 1 m2 126 5 64;74 2 27;137 3 9
-2 9 2 m6 -95 11 58;-84 18 42
-2 8 2 m6 -95 -35 96
-2 8 2 m2 -96 -43 94;-90 -17 6
-2 8 2 s -94 -35 96
-2 7 2 m6 -95 -47 55;-83 9 45
-2 7 2 s -95 -43 90;-86 8 10
6 -10 1 s 79 -14 100
6 -10 1 m6 83 -21 100
1 16 1 s -118 -2 88;-109 -1 12
4 11 3 s -56 7 53;-76 6 44
5 -17 1 s 92 -2 100
12 3 2 s -90 2 91;-91 1 9
10 5 1 s -95 4 100
-10 4 1 m5 -37 -10 73;-49 -2 27
-8 -1 3 s -15 9 77;-29 10 14;2 8 5
-8 0 3 s -90 -0 23;-31 7 19;-92 0 16;-57 8 12;-12 9 12
4 -11 1 m4 146 -10 46;39 6 23;158 -5 15;79 1 8;130 -10 8
-6 -2 1 m7 -58 -18 29;56 19 21;17 20 14;44 14 14;81 17 14
-6 -2 1 m6 128 14 29;145 8 24;110 23 14;-148 9 14;169 10 14
-7 -1 -1 s -34 18 62;-74 21 23;114 11 15
-7 -3 -1 m5 -119 9 46;-96 1 31;-87 -4 15;-65 -24 8
